RoundRobin_DeckPlaying

Agents
MPA63
MPA63-2
MPA63-2

Decks
Mage
Warrior
Shaman

Match Results
Match Result: 0 1 0 0 165 335 0 0 4008 8113 2368 5144
Match Result: 0 1 0 1 321 179 0 0 6449 2504 6270 3795
Match Result: 0 1 0 2 249 251 0 0 5663 5538 4268 3638
Match Result: 0 1 1 0 218 282 0 0 3070 5747 5441 4676
Match Result: 0 1 1 1 292 208 0 0 3700 2770 5277 2493
Match Result: 0 1 1 2 312 188 0 0 4312 3260 6930 2378
Match Result: 0 1 2 0 229 271 0 0 4323 6184 4358 3945
Match Result: 0 1 2 1 255 245 0 0 4211 3420 4330 4400
Match Result: 0 1 2 2 259 241 0 0 4598 4595 5126 4034
Match Result: 0 2 0 0 162 338 0 0 3792 8088 2362 4921
Match Result: 0 2 0 1 349 151 0 0 6972 2259 5936 3196
Match Result: 0 2 0 2 220 280 0 0 4976 5800 3536 4438
Match Result: 0 2 1 0 237 263 0 0 3107 5232 5921 4307
Match Result: 0 2 1 1 295 205 0 0 3731 2764 5414 2714
Match Result: 0 2 1 2 319 181 0 0 4431 3132 7259 2253
Match Result: 0 2 2 0 239 261 0 0 4343 5865 4641 4257
Match Result: 0 2 2 1 287 213 0 0 4954 3144 4755 4157
Match Result: 0 2 2 2 235 265 0 0 4149 5036 4718 4296
Match Result: 1 0 0 0 334 166 0 0 8043 4057 5276 2241
Match Result: 1 0 0 1 362 138 0 0 7065 2052 5396 2849
Match Result: 1 0 0 2 322 178 0 0 6963 3578 5093 2919
Match Result: 1 0 1 0 222 278 0 0 2948 5772 5452 5384
Match Result: 1 0 1 1 324 176 0 0 4102 2276 5152 2856
Match Result: 1 0 1 2 322 178 0 0 4398 3044 6582 2750
Match Result: 1 0 2 0 293 207 0 0 5713 4796 5438 3230
Match Result: 1 0 2 1 278 222 0 0 4494 3210 4231 4188
Match Result: 1 0 2 2 342 158 0 0 6229 2947 6238 2600
Match Result: 1 2 0 0 278 222 0 0 7238 6023 4210 3367
Match Result: 1 2 0 1 378 122 0 0 7567 1906 6540 2507
Match Result: 1 2 0 2 271 229 0 0 6273 4835 4152 3758
Match Result: 1 2 1 0 196 304 0 0 2540 6355 4953 6277
Match Result: 1 2 1 1 290 210 0 0 3704 2842 4944 3481
Match Result: 1 2 1 2 300 200 0 0 4034 3536 6689 3032
Match Result: 1 2 2 0 246 254 0 0 4829 6067 4772 4391
Match Result: 1 2 2 1 313 187 0 0 5379 2842 5423 3798
Match Result: 1 2 2 2 299 201 0 0 5576 4170 5902 3404
Match Result: 2 0 0 0 361 139 0 0 8413 3351 5508 1883
Match Result: 2 0 0 1 333 167 0 0 6485 2412 5280 3600
Match Result: 2 0 0 2 339 161 0 0 7352 3115 5382 2621
Match Result: 2 0 1 0 200 300 0 0 2853 6218 4791 5233
Match Result: 2 0 1 1 290 210 0 0 3842 2834 4987 3338
Match Result: 2 0 1 2 318 182 0 0 4566 3273 7081 2657
Match Result: 2 0 2 0 312 188 0 0 6088 4399 6073 2710
Match Result: 2 0 2 1 329 171 0 0 5585 2488 4712 3160
Match Result: 2 0 2 2 358 142 0 0 6393 2691 7299 2372
Match Result: 2 1 0 0 239 261 0 0 6248 6923 3635 3647
Match Result: 2 1 0 1 374 126 0 0 7442 1720 7515 2956
Match Result: 2 1 0 2 288 212 0 0 6717 4730 5122 3253
Match Result: 2 1 1 0 170 330 0 0 2410 6843 4335 5517
Match Result: 2 1 1 1 291 209 0 0 3819 2862 5296 2948
Match Result: 2 1 1 2 276 224 0 0 3834 4102 6476 3337
Match Result: 2 1 2 0 272 228 0 0 5457 5464 5209 3344
Match Result: 2 1 2 1 304 196 0 0 5206 2804 5059 3923
Match Result: 2 1 2 2 298 202 0 0 5491 4011 6235 3490
