RoundRobin_DeckPlaying

Agents
MPA63SmoothShadeLike
MPA63SmoothShadeLike-2
MPA63SmoothShadeLike-2

Decks
Mage
Warrior
Shaman

Match Results
Match Result: 0 1 0 0 538 462 0 0 14341 12481 8520 7027
Match Result: 0 1 0 1 780 220 0 0 15996 3276 15177 4699
Match Result: 0 1 0 2 601 399 0 0 13966 8744 10509 6351
Match Result: 0 1 1 0 396 604 0 0 5314 12589 10066 11534
Match Result: 0 1 1 1 612 388 0 0 7746 5330 10409 5141
Match Result: 0 1 1 2 656 344 0 0 8942 6148 14804 4146
Match Result: 0 1 2 0 504 496 0 0 10153 12072 9987 8178
Match Result: 0 1 2 1 628 372 0 0 11190 5548 10523 7264
Match Result: 0 1 2 2 632 368 0 0 11810 7523 12496 5974
Match Result: 0 2 0 0 544 456 0 0 13926 12298 8291 6839
Match Result: 0 2 0 1 721 279 0 0 14310 4214 13036 5700
Match Result: 0 2 0 2 592 408 0 0 13666 8685 9686 6380
Match Result: 0 2 1 0 433 567 0 0 5895 11814 10769 10868
Match Result: 0 2 1 1 606 394 0 0 7596 5240 9983 5140
Match Result: 0 2 1 2 662 338 0 0 8772 5851 14769 4249
Match Result: 0 2 2 0 528 472 0 0 10755 11552 9969 7913
Match Result: 0 2 2 1 618 382 0 0 10526 5536 9946 7465
Match Result: 0 2 2 2 634 366 0 0 11970 7198 11843 6168
Match Result: 1 0 0 0 514 486 0 0 13886 13084 7660 7271
Match Result: 1 0 0 1 727 273 0 0 14633 4010 13504 6044
Match Result: 1 0 0 2 578 422 0 0 13625 9475 9887 6836
Match Result: 1 0 1 0 343 657 0 0 4659 13968 8720 12508
Match Result: 1 0 1 1 640 360 0 0 8306 4968 10689 5097
Match Result: 1 0 1 2 579 421 0 0 8175 7798 12906 5938
Match Result: 1 0 2 0 531 469 0 0 10711 11448 9979 7376
Match Result: 1 0 2 1 550 450 0 0 9527 6626 8365 8868
Match Result: 1 0 2 2 611 389 0 0 11548 7917 11869 6617
Match Result: 1 2 0 0 501 499 0 0 12660 13703 8065 7177
Match Result: 1 2 0 1 695 305 0 0 13886 4472 13005 6742
Match Result: 1 2 0 2 566 434 0 0 13210 9759 9943 6787
Match Result: 1 2 1 0 341 659 0 0 4622 14083 8640 13188
Match Result: 1 2 1 1 619 381 0 0 8049 5266 10623 5544
Match Result: 1 2 1 2 581 419 0 0 8055 7725 13196 5695
Match Result: 1 2 2 0 531 469 0 0 10673 11396 10243 7521
Match Result: 1 2 2 1 616 384 0 0 10795 5676 9770 7783
Match Result: 1 2 2 2 598 402 0 0 11337 8158 11612 6823
Match Result: 2 0 0 0 548 452 0 0 14287 11944 8344 6824
Match Result: 2 0 0 1 730 270 0 0 14718 4032 13785 5757
Match Result: 2 0 0 2 574 426 0 0 13600 9449 10064 6526
Match Result: 2 0 1 0 422 578 0 0 5894 11916 10066 10729
Match Result: 2 0 1 1 629 371 0 0 7969 4940 10265 5276
Match Result: 2 0 1 2 576 424 0 0 8036 7727 13251 5446
Match Result: 2 0 2 0 530 470 0 0 10317 11123 10062 7541
Match Result: 2 0 2 1 540 460 0 0 9121 6694 8189 8725
Match Result: 2 0 2 2 559 441 0 0 10359 8814 11150 7259
Match Result: 2 1 0 0 542 458 0 0 14041 12025 8644 6940
Match Result: 2 1 0 1 779 221 0 0 16110 3262 15255 4896
Match Result: 2 1 0 2 562 438 0 0 13186 9778 9840 6969
Match Result: 2 1 1 0 397 603 0 0 5359 12589 10079 11797
Match Result: 2 1 1 1 600 400 0 0 7740 5566 10527 5762
Match Result: 2 1 1 2 588 412 0 0 8116 7581 13775 5728
Match Result: 2 1 2 0 544 456 0 0 11001 11112 10419 7595
Match Result: 2 1 2 1 601 399 0 0 10629 5934 10015 7802
Match Result: 2 1 2 2 610 390 0 0 11339 8073 12596 6352
