RoundRobin_DeckPlaying

Agents
ParametricGreedyAgentPure051
ParametricGreedyAgentPure052
ParametricGreedyAgentPure101
ParametricGreedyAgentPure102
ParametricGreedyAgentPure151
ParametricGreedyAgentPure152

Decks
Mage
Warrior
Shaman

Match Results
Match Result: 0 1 0 0 409 591 0 0 10977 15002 6539 9209
Match Result: 0 1 0 1 837 163 0 0 18160 2581 17702 3956
Match Result: 0 1 0 2 458 542 0 0 11715 13610 8720 8509
Match Result: 0 1 1 0 345 655 0 0 4827 14221 8546 12699
Match Result: 0 1 1 1 649 351 0 0 9119 5174 11035 6003
Match Result: 0 1 1 2 545 455 0 0 7881 9224 12823 7659
Match Result: 0 1 2 0 568 432 0 0 11486 10389 10908 7123
Match Result: 0 1 2 1 664 336 0 0 12016 5118 11743 7127
Match Result: 0 1 2 2 574 426 0 0 11371 9073 11906 7600
Match Result: 0 2 0 0 395 605 0 0 10410 15092 5692 9220
Match Result: 0 2 0 1 741 259 0 0 15654 4122 13722 5902
Match Result: 0 2 0 2 431 569 0 0 10738 14464 7808 8779
Match Result: 0 2 1 0 362 638 0 0 5086 13837 8904 12355
Match Result: 0 2 1 1 679 321 0 0 9177 4404 10431 5441
Match Result: 0 2 1 2 521 479 0 0 7619 9505 11922 8195
Match Result: 0 2 2 0 561 439 0 0 11309 10446 10228 6545
Match Result: 0 2 2 1 608 392 0 0 10492 5970 9397 7743
Match Result: 0 2 2 2 620 380 0 0 12172 7990 12128 6625
Match Result: 0 3 0 0 388 612 0 0 10575 15631 5925 9450
Match Result: 0 3 0 1 778 222 0 0 16641 3490 16004 5017
Match Result: 0 3 0 2 496 504 0 0 12448 12608 9195 7664
Match Result: 0 3 1 0 348 652 0 0 4842 14222 8979 13113
Match Result: 0 3 1 1 652 348 0 0 8916 5032 10621 5818
Match Result: 0 3 1 2 502 498 0 0 7370 10077 11635 8180
Match Result: 0 3 2 0 590 410 0 0 11911 10029 11592 6372
Match Result: 0 3 2 1 665 335 0 0 11651 4962 10540 6915
Match Result: 0 3 2 2 658 342 0 0 12972 7339 13448 5943
Match Result: 0 4 0 0 400 600 0 0 11029 15520 5763 9657
Match Result: 0 4 0 1 774 226 0 0 16926 3612 15920 5088
Match Result: 0 4 0 2 462 538 0 0 11877 13741 8559 8518
Match Result: 0 4 1 0 334 666 0 0 4658 14509 8067 13329
Match Result: 0 4 1 1 655 345 0 0 9039 5032 10675 5633
Match Result: 0 4 1 2 505 495 0 0 7447 9952 11430 8250
Match Result: 0 4 2 0 526 474 0 0 10722 11559 9654 7752
Match Result: 0 4 2 1 641 359 0 0 11499 5304 10525 7616
Match Result: 0 4 2 2 566 434 0 0 11320 9397 11420 7700
Match Result: 0 5 0 0 375 625 0 0 9985 16214 5813 9277
Match Result: 0 5 0 1 767 233 0 0 16558 3694 15397 5376
Match Result: 0 5 0 2 442 558 0 0 11469 14509 8283 8336
Match Result: 0 5 1 0 289 711 0 0 4159 15648 7205 14534
Match Result: 0 5 1 1 637 363 0 0 8965 5498 10859 5396
Match Result: 0 5 1 2 518 482 0 0 7612 9832 12384 8206
Match Result: 0 5 2 0 541 459 0 0 11198 11305 10188 7621
Match Result: 0 5 2 1 592 408 0 0 10417 6014 9574 8265
Match Result: 0 5 2 2 615 385 0 0 12379 8610 12923 6621
Match Result: 1 0 0 0 563 437 0 0 14663 11933 8796 7037
Match Result: 1 0 0 1 753 247 0 0 15980 3813 14607 5220
Match Result: 1 0 0 2 479 521 0 0 11338 11792 7767 8077
Match Result: 1 0 1 0 352 648 0 0 4822 14574 9377 14171
Match Result: 1 0 1 1 545 455 0 0 7399 6786 10424 6269
Match Result: 1 0 1 2 537 463 0 0 7619 8917 12755 6761
Match Result: 1 0 2 0 555 445 0 0 12528 11664 10871 8500
Match Result: 1 0 2 1 676 324 0 0 12972 5188 12998 6235
Match Result: 1 0 2 2 585 415 0 0 11551 9145 12390 7249
Match Result: 1 2 0 0 477 523 0 0 12530 13875 7397 8201
Match Result: 1 2 0 1 699 301 0 0 13547 4472 11078 5972
Match Result: 1 2 0 2 526 474 0 0 12236 10818 8811 7636
Match Result: 1 2 1 0 305 695 0 0 4115 14562 7870 13490
Match Result: 1 2 1 1 641 359 0 0 8155 4788 10611 5162
Match Result: 1 2 1 2 603 397 0 0 8299 7217 13026 5699
Match Result: 1 2 2 0 493 507 0 0 10076 12077 9022 8112
Match Result: 1 2 2 1 596 404 0 0 9863 5916 9138 7712
Match Result: 1 2 2 2 603 397 0 0 11237 7766 10808 6808
Match Result: 1 3 0 0 489 511 0 0 13083 14084 7661 8072
Match Result: 1 3 0 1 694 306 0 0 13692 4358 13188 6560
Match Result: 1 3 0 2 533 467 0 0 12395 10695 9262 7194
Match Result: 1 3 1 0 314 686 0 0 4402 14777 8016 13874
Match Result: 1 3 1 1 592 408 0 0 7778 5576 9969 5994
Match Result: 1 3 1 2 622 378 0 0 8544 7118 14931 5376
Match Result: 1 3 2 0 533 467 0 0 11126 11606 10588 8160
Match Result: 1 3 2 1 609 391 0 0 10209 5744 9339 7572
Match Result: 1 3 2 2 621 379 0 0 11739 7659 12478 6425
Match Result: 1 4 0 0 482 518 0 0 12886 13879 7519 8141
Match Result: 1 4 0 1 699 301 0 0 14018 4496 12480 6095
Match Result: 1 4 0 2 506 494 0 0 12067 11675 8980 7578
Match Result: 1 4 1 0 310 690 0 0 4192 14596 7802 13309
Match Result: 1 4 1 1 601 399 0 0 7797 5526 10313 5590
Match Result: 1 4 1 2 525 475 0 0 7259 8783 11947 7010
Match Result: 1 4 2 0 483 517 0 0 10120 12712 9065 8679
Match Result: 1 4 2 1 592 408 0 0 10254 6024 9451 7734
Match Result: 1 4 2 2 579 421 0 0 10765 8662 11626 7318
Match Result: 1 5 0 0 459 541 0 0 12424 14906 7206 8641
Match Result: 1 5 0 1 709 291 0 0 14096 4120 12545 6326
Match Result: 1 5 0 2 545 455 0 0 12683 10745 9972 7185
Match Result: 1 5 1 0 318 682 0 0 4318 14634 8515 14311
Match Result: 1 5 1 1 576 424 0 0 7590 5950 10449 5840
Match Result: 1 5 1 2 516 484 0 0 7144 9073 12068 7032
Match Result: 1 5 2 0 489 511 0 0 10368 12857 9162 8712
Match Result: 1 5 2 1 592 408 0 0 10207 5972 9560 7494
Match Result: 1 5 2 2 591 409 0 0 11168 8524 12162 6691
Match Result: 2 0 0 0 584 416 0 0 14652 11349 9049 6257
Match Result: 2 0 0 1 769 231 0 0 15967 3590 14468 4742
Match Result: 2 0 0 2 514 486 0 0 11471 10802 8828 7099
Match Result: 2 0 1 0 399 601 0 0 5517 13112 10352 10980
Match Result: 2 0 1 1 515 485 0 0 6773 6904 9620 5953
Match Result: 2 0 1 2 612 388 0 0 8574 7059 13585 4501
Match Result: 2 0 2 0 598 402 0 0 13329 10660 11721 7098
Match Result: 2 0 2 1 647 353 0 0 12289 5528 12690 6686
Match Result: 2 0 2 2 585 415 0 0 11298 8789 12051 6603
Match Result: 2 1 0 0 536 464 0 0 14003 12273 8247 7304
Match Result: 2 1 0 1 814 186 0 0 16117 2642 15440 4198
Match Result: 2 1 0 2 559 441 0 0 12836 9957 10059 6313
Match Result: 2 1 1 0 454 546 0 0 6216 10997 10762 8856
Match Result: 2 1 1 1 583 417 0 0 7353 5608 9886 5272
Match Result: 2 1 1 2 604 396 0 0 8252 6755 13171 4770
Match Result: 2 1 2 0 559 441 0 0 11319 10914 10659 7052
Match Result: 2 1 2 1 616 384 0 0 10707 5550 10605 7518
Match Result: 2 1 2 2 597 403 0 0 10910 8053 11975 6360
Match Result: 2 3 0 0 539 461 0 0 14205 12185 8205 7025
Match Result: 2 3 0 1 729 271 0 0 14270 3860 13384 5479
Match Result: 2 3 0 2 569 431 0 0 12610 9629 9727 6250
Match Result: 2 3 1 0 430 570 0 0 5912 11644 10157 9656
Match Result: 2 3 1 1 604 396 0 0 7584 5262 9607 5134
Match Result: 2 3 1 2 626 374 0 0 8584 6491 13496 4430
Match Result: 2 3 2 0 555 445 0 0 11362 11038 10485 6852
Match Result: 2 3 2 1 585 415 0 0 9484 5860 9153 7219
Match Result: 2 3 2 2 672 328 0 0 12277 6353 13267 5193
Match Result: 2 4 0 0 513 487 0 0 13401 12927 7718 7552
Match Result: 2 4 0 1 706 294 0 0 13972 4446 12536 5950
Match Result: 2 4 0 2 563 437 0 0 12562 9910 9676 6279
Match Result: 2 4 1 0 432 568 0 0 5818 11659 10665 9363
Match Result: 2 4 1 1 572 428 0 0 7076 5572 9252 5383
Match Result: 2 4 1 2 616 384 0 0 8374 6505 12706 4386
Match Result: 2 4 2 0 515 485 0 0 10515 11738 9759 7367
Match Result: 2 4 2 1 578 422 0 0 9479 6058 9291 7654
Match Result: 2 4 2 2 584 416 0 0 10523 8052 11059 6140
Match Result: 2 5 0 0 481 519 0 0 12738 14044 7240 7718
Match Result: 2 5 0 1 714 286 0 0 14002 4198 12639 5873
Match Result: 2 5 0 2 580 420 0 0 13169 9620 10086 6060
Match Result: 2 5 1 0 385 615 0 0 5245 12740 9862 10554
Match Result: 2 5 1 1 596 404 0 0 7362 5284 10328 4714
Match Result: 2 5 1 2 653 347 0 0 8845 6020 14146 3984
Match Result: 2 5 2 0 525 475 0 0 10860 11429 9940 7609
Match Result: 2 5 2 1 552 448 0 0 9167 6484 8691 7774
Match Result: 2 5 2 2 637 363 0 0 11328 7105 12876 5575
Match Result: 3 0 0 0 606 394 0 0 15611 10786 9635 6220
Match Result: 3 0 0 1 764 236 0 0 16178 3733 15074 5137
Match Result: 3 0 0 2 471 529 0 0 11093 11824 7929 8506
Match Result: 3 0 1 0 356 644 0 0 4768 14205 9217 13442
Match Result: 3 0 1 1 566 434 0 0 7590 6318 10546 5802
Match Result: 3 0 1 2 559 441 0 0 7739 7935 13000 6037
Match Result: 3 0 2 0 556 444 0 0 12719 11691 10401 8055
Match Result: 3 0 2 1 645 355 0 0 12621 5678 12208 7102
Match Result: 3 0 2 2 528 472 0 0 10246 10063 10905 8038
Match Result: 3 1 0 0 531 469 0 0 13993 12678 8654 7147
Match Result: 3 1 0 1 810 190 0 0 16776 2855 15999 4291
Match Result: 3 1 0 2 521 479 0 0 12377 11064 9055 7587
Match Result: 3 1 1 0 406 594 0 0 5472 12277 9980 11271
Match Result: 3 1 1 1 572 428 0 0 7510 5870 9791 6150
Match Result: 3 1 1 2 541 459 0 0 7345 8205 11967 6190
Match Result: 3 1 2 0 559 441 0 0 11496 10804 10442 7162
Match Result: 3 1 2 1 606 394 0 0 10833 5846 10314 8389
Match Result: 3 1 2 2 555 445 0 0 10512 9016 11205 7433
Match Result: 3 2 0 0 488 512 0 0 12903 13511 7398 7949
Match Result: 3 2 0 1 686 314 0 0 13559 4776 10933 6451
Match Result: 3 2 0 2 523 477 0 0 12092 10559 8609 7603
Match Result: 3 2 1 0 405 595 0 0 5461 12096 9599 11154
Match Result: 3 2 1 1 608 392 0 0 7618 5096 9750 5685
Match Result: 3 2 1 2 593 407 0 0 7919 6942 12215 5604
Match Result: 3 2 2 0 477 523 0 0 9596 12306 8598 8389
Match Result: 3 2 2 1 591 409 0 0 10083 6074 8433 7684
Match Result: 3 2 2 2 566 434 0 0 10246 8405 10224 6958
Match Result: 3 4 0 0 501 499 0 0 13616 13157 7635 8067
Match Result: 3 4 0 1 737 263 0 0 15016 4019 13541 5408
Match Result: 3 4 0 2 495 505 0 0 11809 11734 9040 8079
Match Result: 3 4 1 0 388 612 0 0 5144 12617 9627 11760
Match Result: 3 4 1 1 592 408 0 0 7658 5466 9913 5718
Match Result: 3 4 1 2 579 421 0 0 7779 7285 12407 5653
Match Result: 3 4 2 0 455 545 0 0 9157 13236 8504 8648
Match Result: 3 4 2 1 570 430 0 0 9950 6492 9347 8543
Match Result: 3 4 2 2 528 472 0 0 9735 9446 10737 7948
Match Result: 3 5 0 0 492 508 0 0 13226 13796 7662 8054
Match Result: 3 5 0 1 721 279 0 0 14597 4261 13547 5939
Match Result: 3 5 0 2 549 451 0 0 13112 10565 9701 7011
Match Result: 3 5 1 0 356 644 0 0 4818 13554 9067 12859
Match Result: 3 5 1 1 567 433 0 0 7397 5824 9802 5905
Match Result: 3 5 1 2 588 412 0 0 7948 7212 13259 5309
Match Result: 3 5 2 0 498 502 0 0 10342 12226 9366 8353
Match Result: 3 5 2 1 568 432 0 0 10022 6420 8848 8161
Match Result: 3 5 2 2 534 466 0 0 9943 9411 10605 7857
Match Result: 4 0 0 0 617 383 0 0 16119 10714 9198 6033
Match Result: 4 0 0 1 781 219 0 0 16523 3360 15143 4705
Match Result: 4 0 0 2 546 454 0 0 12728 10507 9484 6752
Match Result: 4 0 1 0 373 627 0 0 5137 13908 9868 12636
Match Result: 4 0 1 1 542 458 0 0 7300 6650 9891 6311
Match Result: 4 0 1 2 553 447 0 0 7677 8290 12867 6011
Match Result: 4 0 2 0 625 375 0 0 14435 9970 11947 6726
Match Result: 4 0 2 1 690 310 0 0 13047 4932 13505 5903
Match Result: 4 0 2 2 614 386 0 0 12175 8567 12839 6202
Match Result: 4 1 0 0 561 439 0 0 15186 11929 9140 7020
Match Result: 4 1 0 1 808 192 0 0 16363 2834 15866 4112
Match Result: 4 1 0 2 540 460 0 0 12617 10720 9880 7186
Match Result: 4 1 1 0 437 563 0 0 6011 11757 10726 10144
Match Result: 4 1 1 1 591 409 0 0 7677 5672 10131 6079
Match Result: 4 1 1 2 577 423 0 0 7859 7637 12831 5775
Match Result: 4 1 2 0 569 431 0 0 12048 10545 10665 7297
Match Result: 4 1 2 1 664 336 0 0 11610 4890 11331 6504
Match Result: 4 1 2 2 635 365 0 0 11899 7587 12832 5993
Match Result: 4 2 0 0 510 490 0 0 13389 13290 8173 7266
Match Result: 4 2 0 1 725 275 0 0 14001 4180 12041 5304
Match Result: 4 2 0 2 544 456 0 0 12463 10329 9156 6777
Match Result: 4 2 1 0 407 593 0 0 5429 12225 9954 10651
Match Result: 4 2 1 1 624 376 0 0 7810 4882 9482 5029
Match Result: 4 2 1 2 657 343 0 0 8887 5953 13904 4528
Match Result: 4 2 2 0 521 479 0 0 10662 11620 9629 7493
Match Result: 4 2 2 1 595 405 0 0 9675 5736 8827 7307
Match Result: 4 2 2 2 606 394 0 0 11036 7681 10924 6293
Match Result: 4 3 0 0 531 469 0 0 14352 12899 8146 6907
Match Result: 4 3 0 1 720 280 0 0 14435 4058 13504 6011
Match Result: 4 3 0 2 586 414 0 0 13541 9496 10065 6151
Match Result: 4 3 1 0 419 581 0 0 5677 12342 10693 10752
Match Result: 4 3 1 1 614 386 0 0 7810 5142 10000 5630
Match Result: 4 3 1 2 634 366 0 0 8720 6543 14080 4828
Match Result: 4 3 2 0 565 435 0 0 12120 10821 10482 7427
Match Result: 4 3 2 1 653 347 0 0 10698 4924 10057 6472
Match Result: 4 3 2 2 675 325 0 0 12729 6575 13169 5115
Match Result: 4 5 0 0 501 499 0 0 13447 13604 7884 7509
Match Result: 4 5 0 1 762 238 0 0 15085 3524 14285 4979
Match Result: 4 5 0 2 595 405 0 0 13760 9894 10472 5836
Match Result: 4 5 1 0 357 643 0 0 4865 13654 9342 12505
Match Result: 4 5 1 1 585 415 0 0 7507 5666 9984 5241
Match Result: 4 5 1 2 624 376 0 0 8540 6805 14014 5065
Match Result: 4 5 2 0 542 458 0 0 11954 11342 9521 7933
Match Result: 4 5 2 1 605 395 0 0 10216 5704 9551 7409
Match Result: 4 5 2 2 639 361 0 0 11821 7365 12771 5697
Match Result: 5 0 0 0 582 418 0 0 15008 11418 8896 6415
Match Result: 5 0 0 1 819 181 0 0 17771 2901 16500 3938
Match Result: 5 0 0 2 518 482 0 0 12064 11122 8631 7349
Match Result: 5 0 1 0 360 640 0 0 4846 14085 9425 13166
Match Result: 5 0 1 1 557 443 0 0 7595 6656 10137 6478
Match Result: 5 0 1 2 592 408 0 0 8310 7532 13824 5589
Match Result: 5 0 2 0 577 423 0 0 13675 11245 10654 8272
Match Result: 5 0 2 1 675 325 0 0 13101 5200 13202 6584
Match Result: 5 0 2 2 568 432 0 0 11376 9651 11805 7367
Match Result: 5 1 0 0 564 436 0 0 15186 12232 9081 6337
Match Result: 5 1 0 1 860 140 0 0 17677 2122 17176 3337
Match Result: 5 1 0 2 559 441 0 0 13222 10479 10433 6814
Match Result: 5 1 1 0 421 579 0 0 5620 11961 10374 10711
Match Result: 5 1 1 1 578 422 0 0 7628 5936 9350 6532
Match Result: 5 1 1 2 628 372 0 0 8712 6774 13586 4866
Match Result: 5 1 2 0 568 432 0 0 12279 10761 10581 7122
Match Result: 5 1 2 1 646 354 0 0 11529 5194 11124 7316
Match Result: 5 1 2 2 577 423 0 0 11190 8807 11360 7003
Match Result: 5 2 0 0 531 469 0 0 14015 12704 8746 7103
Match Result: 5 2 0 1 735 265 0 0 14765 4036 12049 5813
Match Result: 5 2 0 2 571 429 0 0 13164 9704 9807 6586
Match Result: 5 2 1 0 408 592 0 0 5434 12161 10098 10731
Match Result: 5 2 1 1 644 356 0 0 8178 4634 9412 5213
Match Result: 5 2 1 2 696 304 0 0 9578 5286 14288 4252
Match Result: 5 2 2 0 494 506 0 0 10138 11991 8837 8515
Match Result: 5 2 2 1 581 419 0 0 9691 5994 8007 8246
Match Result: 5 2 2 2 585 415 0 0 10677 8038 10732 7161
Match Result: 5 3 0 0 533 467 0 0 14356 12799 8349 7492
Match Result: 5 3 0 1 758 242 0 0 15417 3622 14621 5514
Match Result: 5 3 0 2 593 407 0 0 13856 9309 10568 6457
Match Result: 5 3 1 0 402 598 0 0 5498 12598 10056 11011
Match Result: 5 3 1 1 614 386 0 0 8092 5274 9548 5735
Match Result: 5 3 1 2 636 364 0 0 8806 6661 13754 4753
Match Result: 5 3 2 0 546 454 0 0 11405 11449 10452 7781
Match Result: 5 3 2 1 603 397 0 0 10198 5662 9116 7779
Match Result: 5 3 2 2 669 331 0 0 12628 6820 13147 5455
Match Result: 5 4 0 0 504 496 0 0 14016 13627 7730 7347
Match Result: 5 4 0 1 756 244 0 0 15507 3768 13905 5428
Match Result: 5 4 0 2 520 480 0 0 12537 11493 9045 7285
Match Result: 5 4 1 0 373 627 0 0 5015 13109 9247 11478
Match Result: 5 4 1 1 590 410 0 0 7596 5574 9194 5998
Match Result: 5 4 1 2 617 383 0 0 8389 6946 13236 4952
Match Result: 5 4 2 0 478 522 0 0 10675 12683 8449 8998
Match Result: 5 4 2 1 577 423 0 0 9897 6140 9228 8449
Match Result: 5 4 2 2 602 398 0 0 11576 8123 11326 6802
