RoundRobin_DeckPlaying

Agents
MPA63Smooth
MPA63Smooth-2
MPA63Smooth-2

Decks
Mage
Warrior
Shaman

Match Results
Match Result: 0 1 0 0 506 494 0 0 13635 14729 8330 7571
Match Result: 0 1 0 1 797 203 0 0 16574 3094 16660 4502
Match Result: 0 1 0 2 565 435 0 0 14007 10684 10583 6791
Match Result: 0 1 1 0 372 628 0 0 5056 13734 9397 12363
Match Result: 0 1 1 1 619 381 0 0 8271 5402 10453 5802
Match Result: 0 1 1 2 552 448 0 0 7842 8493 12038 6667
Match Result: 0 1 2 0 435 565 0 0 9528 14258 7790 10114
Match Result: 0 1 2 1 647 353 0 0 11313 5140 10983 6900
Match Result: 0 1 2 2 615 385 0 0 12345 8265 11637 6570
Match Result: 0 2 0 0 539 461 0 0 15186 12851 8384 7132
Match Result: 0 2 0 1 783 217 0 0 16439 3342 15737 4733
Match Result: 0 2 0 2 556 444 0 0 13825 11271 10914 6874
Match Result: 0 2 1 0 286 714 0 0 3832 15586 7579 14899
Match Result: 0 2 1 1 578 422 0 0 7874 5928 10191 6449
Match Result: 0 2 1 2 559 441 0 0 7939 8516 12668 6794
Match Result: 0 2 2 0 458 542 0 0 9719 13689 8509 9735
Match Result: 0 2 2 1 574 426 0 0 10397 6340 9694 8480
Match Result: 0 2 2 2 571 429 0 0 11573 9320 11070 7585
Match Result: 1 0 0 0 485 515 0 0 13754 13964 7607 8213
Match Result: 1 0 0 1 813 187 0 0 17088 2818 15867 4063
Match Result: 1 0 0 2 603 397 0 0 14486 9715 11229 5984
Match Result: 1 0 1 0 351 649 0 0 4709 14044 9214 13988
Match Result: 1 0 1 1 594 406 0 0 7946 5968 9970 5627
Match Result: 1 0 1 2 533 467 0 0 7305 8607 12388 6912
Match Result: 1 0 2 0 527 473 0 0 11606 12109 9950 8603
Match Result: 1 0 2 1 649 351 0 0 11713 5422 11450 6517
Match Result: 1 0 2 2 631 369 0 0 11847 7922 13122 5776
Match Result: 1 2 0 0 482 518 0 0 13248 13825 7529 8330
Match Result: 1 2 0 1 788 212 0 0 16326 3262 15095 4650
Match Result: 1 2 0 2 523 477 0 0 12514 11529 9345 7195
Match Result: 1 2 1 0 311 689 0 0 4261 14656 8076 14600
Match Result: 1 2 1 1 581 419 0 0 7645 5938 10604 6016
Match Result: 1 2 1 2 515 485 0 0 7081 8796 11887 7276
Match Result: 1 2 2 0 506 494 0 0 10389 12457 9828 8523
Match Result: 1 2 2 1 612 388 0 0 10863 5878 10793 7500
Match Result: 1 2 2 2 592 408 0 0 11393 8659 11845 6410
Match Result: 2 0 0 0 533 467 0 0 14543 13182 8227 7161
Match Result: 2 0 0 1 826 174 0 0 17541 2563 16650 4099
Match Result: 2 0 0 2 607 393 0 0 14619 9704 11379 5855
Match Result: 2 0 1 0 362 638 0 0 4973 13783 9345 13205
Match Result: 2 0 1 1 615 385 0 0 8203 5630 10650 5689
Match Result: 2 0 1 2 604 396 0 0 8414 7433 13668 5590
Match Result: 2 0 2 0 492 508 0 0 10848 13058 9367 9222
Match Result: 2 0 2 1 681 319 0 0 12399 4972 12234 6064
Match Result: 2 0 2 2 627 373 0 0 12266 8449 12920 5841
Match Result: 2 1 0 0 536 464 0 0 13854 13621 9055 6869
Match Result: 2 1 0 1 781 219 0 0 16154 3328 16404 4964
Match Result: 2 1 0 2 603 397 0 0 14565 9435 10967 6249
Match Result: 2 1 1 0 402 598 0 0 5374 12737 10475 11496
Match Result: 2 1 1 1 636 364 0 0 8506 5184 10671 5628
Match Result: 2 1 1 2 594 406 0 0 8314 7550 13370 5997
Match Result: 2 1 2 0 496 504 0 0 10459 12457 9462 8663
Match Result: 2 1 2 1 629 371 0 0 11101 5502 10473 7386
Match Result: 2 1 2 2 587 413 0 0 11335 8870 11706 6700
