RoundRobin_DeckPlaying

Agents
ParametricGreedyAgentPure051
ParametricGreedyAgentPure052
ParametricGreedyAgentPure101
ParametricGreedyAgentPure102
ParametricGreedyAgentPure151
ParametricGreedyAgentPure152

Decks
Mage
Warrior
Shaman

Match Results
Match Result: 420 580 0 0 11457 15049 6622 9086
Match Result: 817 183 0 0 17838 2853 17163 4427
Match Result: 469 531 0 0 11892 13524 8970 8376
Match Result: 380 620 0 0 5130 13428 9564 12016
Match Result: 657 343 0 0 9069 5138 11295 5571
Match Result: 516 484 0 0 7508 9775 12015 8027
Match Result: 593 407 0 0 11980 10052 11556 6075
Match Result: 670 330 0 0 12166 5016 11822 7131
Match Result: 606 394 0 0 12061 8687 12749 6798
Match Result: 397 603 0 0 10352 15215 6113 9231
Match Result: 716 284 0 0 15157 4586 13319 6090
Match Result: 440 560 0 0 11015 13958 7795 8964
Match Result: 347 653 0 0 4845 13950 8441 12743
Match Result: 700 300 0 0 9514 4236 10938 4882
Match Result: 528 472 0 0 7754 9437 11770 8368
Match Result: 566 434 0 0 11361 10139 10141 6767
Match Result: 643 357 0 0 11127 5324 9689 7294
Match Result: 624 376 0 0 12340 7876 12069 6565
Match Result: 392 608 0 0 10630 15707 6117 9362
Match Result: 763 237 0 0 16264 3644 16169 5435
Match Result: 485 515 0 0 12241 12601 9015 8381
Match Result: 312 688 0 0 4310 15134 7979 13568
Match Result: 663 337 0 0 9039 4868 10759 5438
Match Result: 508 492 0 0 7184 10127 11980 8012
Match Result: 610 390 0 0 12628 9514 11630 6325
Match Result: 664 336 0 0 11533 4938 10681 6818
Match Result: 651 349 0 0 13242 7438 13154 6050
Match Result: 383 617 0 0 10461 15769 5847 9099
Match Result: 757 243 0 0 16543 3869 15314 5529
Match Result: 438 562 0 0 11474 14443 7970 8524
Match Result: 312 688 0 0 4301 15024 7805 13564
Match Result: 677 323 0 0 9267 4676 11138 5418
Match Result: 492 508 0 0 7312 10100 11199 8830
Match Result: 525 475 0 0 10706 11588 9726 7415
Match Result: 675 325 0 0 11860 4872 11691 6498
Match Result: 581 419 0 0 11785 9140 11583 7208
Match Result: 358 642 0 0 9520 16318 5687 9698
Match Result: 768 232 0 0 16744 3560 15363 5411
Match Result: 427 573 0 0 10855 15025 8176 8644
Match Result: 288 712 0 0 4146 15749 7397 14067
Match Result: 656 344 0 0 9164 5082 11440 5341
Match Result: 502 498 0 0 7400 10248 11911 8007
Match Result: 527 473 0 0 11009 11490 9500 7439
Match Result: 631 369 0 0 11057 5549 10563 7422
Match Result: 614 386 0 0 12338 8710 12782 6786
Match Result: 543 457 0 0 13943 12267 8505 7336
Match Result: 737 263 0 0 15586 4070 13962 5646
Match Result: 474 526 0 0 11062 11738 7381 8506
Match Result: 309 691 0 0 4184 15569 8340 14421
Match Result: 530 470 0 0 7272 6976 10167 6663
Match Result: 490 510 0 0 6840 9682 12009 7369
Match Result: 561 439 0 0 12651 11695 10739 8102
Match Result: 696 304 0 0 13589 4922 13354 5812
Match Result: 562 438 0 0 11014 9641 11566 7633
Match Result: 494 506 0 0 13180 13251 7645 8078
Match Result: 689 311 0 0 13289 4584 10681 6203
Match Result: 505 495 0 0 11688 11136 8624 7833
Match Result: 302 698 0 0 4110 14565 7615 13630
Match Result: 664 336 0 0 8550 4462 10735 5004
Match Result: 604 396 0 0 8258 7266 13429 5727
Match Result: 524 476 0 0 10671 11426 9446 7768
Match Result: 599 401 0 0 9858 5838 9236 7554
Match Result: 622 378 0 0 11418 7416 11703 6540
Match Result: 495 505 0 0 13259 13788 7742 8095
Match Result: 715 285 0 0 14218 4158 13248 5988
Match Result: 561 439 0 0 12910 9791 9561 7098
Match Result: 337 663 0 0 4479 14185 8865 13208
Match Result: 608 392 0 0 7870 5370 10438 5840
Match Result: 582 418 0 0 8062 7942 13502 5975
Match Result: 527 473 0 0 11023 11697 10184 8390
Match Result: 639 361 0 0 10623 5226 9988 7127
Match Result: 623 377 0 0 11689 7611 12226 6527
Match Result: 484 516 0 0 12761 14205 7639 7716
Match Result: 710 290 0 0 14275 4250 12534 6078
Match Result: 519 481 0 0 12372 11410 9507 7492
Match Result: 318 682 0 0 4323 14458 7989 13430
Match Result: 588 412 0 0 7680 5600 10379 5974
Match Result: 555 445 0 0 7599 8240 12665 6472
Match Result: 510 490 0 0 10493 12066 9662 8392
Match Result: 621 379 0 0 10741 5602 10154 7379
Match Result: 583 417 0 0 10936 8541 11284 7071
Match Result: 467 533 0 0 12848 14342 7260 8355
Match Result: 701 299 0 0 13925 4407 12786 6118
Match Result: 546 454 0 0 12731 10981 9952 7000
Match Result: 315 685 0 0 4187 14801 8395 13634
Match Result: 577 423 0 0 7799 5972 10131 5836
Match Result: 572 428 0 0 8026 8079 13188 5988
Match Result: 496 504 0 0 10650 12668 9201 8831
Match Result: 565 435 0 0 9724 6486 9051 8308
Match Result: 589 411 0 0 11179 8460 11916 7121
Match Result: 568 432 0 0 14263 11596 8834 6746
Match Result: 774 226 0 0 16057 3470 14913 4692
Match Result: 548 452 0 0 12312 9801 9384 6947
Match Result: 388 612 0 0 5604 13257 9848 10855
Match Result: 531 469 0 0 6921 6670 9923 5765
Match Result: 609 391 0 0 8297 7005 13846 4779
Match Result: 589 411 0 0 12593 10781 11946 7067
Match Result: 672 328 0 0 12555 5202 13124 6049
Match Result: 560 440 0 0 10538 9327 11795 7025
Match Result: 529 471 0 0 13777 12615 8430 6939
Match Result: 803 197 0 0 16083 2874 15374 4359
Match Result: 542 458 0 0 12501 10291 9633 6845
Match Result: 466 534 0 0 6302 10804 11108 8704
Match Result: 572 428 0 0 7186 5782 9768 5602
Match Result: 644 356 0 0 8862 6189 13560 4227
Match Result: 545 455 0 0 11163 11189 10639 7105
Match Result: 645 355 0 0 11058 5204 11073 6755
Match Result: 635 365 0 0 11803 7262 12359 5768
Match Result: 525 475 0 0 13441 12427 8237 7672
Match Result: 706 294 0 0 13758 4284 13122 6025
Match Result: 590 410 0 0 13171 8722 10123 6262
Match Result: 416 584 0 0 5708 11979 10134 9456
Match Result: 571 429 0 0 7105 5654 9282 5569
Match Result: 651 349 0 0 8847 5993 13811 4255
Match Result: 590 410 0 0 11830 10094 11503 6483
Match Result: 599 401 0 0 9777 5688 9234 7229
Match Result: 635 365 0 0 11488 7082 12773 5740
Match Result: 487 513 0 0 12898 13599 7129 7787
Match Result: 715 285 0 0 14118 4254 12354 5798
Match Result: 547 453 0 0 12259 10234 9489 6510
Match Result: 424 576 0 0 5750 11646 10169 10039
Match Result: 567 433 0 0 7033 5616 9277 5457
Match Result: 640 360 0 0 8618 6126 13480 4094
Match Result: 515 485 0 0 10579 11563 9665 7666
Match Result: 561 439 0 0 9320 6440 8955 7583
Match Result: 594 406 0 0 10490 7990 11564 5834
Match Result: 513 487 0 0 13612 13008 8054 7243
Match Result: 730 270 0 0 14177 3914 12775 5705
Match Result: 576 424 0 0 12917 9772 9985 5909
Match Result: 379 621 0 0 5287 12925 9501 10359
Match Result: 589 411 0 0 7345 5506 9662 4525
Match Result: 656 344 0 0 8872 5945 14186 3786
Match Result: 533 467 0 0 10889 11468 10113 7315
Match Result: 547 453 0 0 8990 6488 8662 7940
Match Result: 645 355 0 0 11678 7161 12575 5247
Match Result: 619 381 0 0 16089 10324 9503 5657
Match Result: 756 244 0 0 16228 3795 14623 5499
Match Result: 477 523 0 0 11272 11523 7883 8636
Match Result: 346 654 0 0 4640 14408 9053 14007
Match Result: 535 465 0 0 7151 6608 9672 6664
Match Result: 520 480 0 0 7206 8790 12009 6670
Match Result: 554 446 0 0 12181 11659 10752 8167
Match Result: 638 362 0 0 12548 5738 12258 7142
Match Result: 530 470 0 0 10293 10101 10907 8193
Match Result: 501 499 0 0 13404 13603 8123 7589
Match Result: 799 201 0 0 16497 3000 16234 4478
Match Result: 507 493 0 0 11973 11466 9189 7795
Match Result: 426 574 0 0 5604 11918 10695 10853
Match Result: 570 430 0 0 7348 5970 9994 6290
Match Result: 565 435 0 0 7671 7643 12501 5688
Match Result: 561 439 0 0 11304 10730 11048 7245
Match Result: 618 382 0 0 11023 5744 10791 7663
Match Result: 571 429 0 0 10800 8566 11483 7382
Match Result: 489 511 0 0 12813 13548 7544 7637
Match Result: 701 299 0 0 13809 4639 11244 6053
Match Result: 499 501 0 0 11400 11144 8283 7847
Match Result: 393 607 0 0 5205 12399 9490 11707
Match Result: 611 389 0 0 7661 5046 9533 5464
Match Result: 608 392 0 0 8150 6654 12871 5245
Match Result: 501 499 0 0 9995 11802 9043 8207
Match Result: 564 436 0 0 9498 6314 8563 8240
Match Result: 543 457 0 0 9863 8839 10109 7501
Match Result: 462 538 0 0 12529 14569 7146 8459
Match Result: 753 247 0 0 15346 3802 13882 5281
Match Result: 481 519 0 0 11503 12296 8699 7942
Match Result: 370 630 0 0 4844 13007 9180 12142
Match Result: 588 412 0 0 7592 5514 9672 5777
Match Result: 559 441 0 0 7581 7638 12007 6070
Match Result: 477 523 0 0 9790 12727 8680 8722
Match Result: 570 430 0 0 9923 6344 9294 8469
Match Result: 553 447 0 0 10331 8966 10378 7303
Match Result: 509 491 0 0 13664 13468 7803 7796
Match Result: 742 258 0 0 15123 3914 14132 5615
Match Result: 534 466 0 0 12680 11129 9741 7407
Match Result: 368 632 0 0 4924 13181 9556 12393
Match Result: 582 418 0 0 7492 5746 10072 5344
Match Result: 572 428 0 0 7608 7506 12924 5678
Match Result: 487 513 0 0 10237 12403 9232 8672
Match Result: 562 438 0 0 9742 6478 8836 8312
Match Result: 567 433 0 0 10517 8820 11429 7197
Match Result: 607 393 0 0 15579 10892 9384 6060
Match Result: 775 225 0 0 16496 3384 14876 4754
Match Result: 541 459 0 0 12623 10472 8979 6826
Match Result: 381 619 0 0 5315 13819 9918 12546
Match Result: 530 470 0 0 7174 6846 10043 6520
Match Result: 589 411 0 0 8147 7593 13754 5735
Match Result: 622 378 0 0 14597 10167 11907 6974
Match Result: 708 292 0 0 13388 4710 13922 5673
Match Result: 593 407 0 0 11824 9026 11976 6609
Match Result: 529 471 0 0 14193 13056 8222 7000
Match Result: 838 162 0 0 16915 2420 17176 3437
Match Result: 584 416 0 0 13812 9792 10227 6367
Match Result: 438 562 0 0 5914 11777 10756 10410
Match Result: 578 422 0 0 7582 5730 9728 5989
Match Result: 585 415 0 0 8097 7445 13079 5642
Match Result: 564 436 0 0 12281 10972 10676 7083
Match Result: 650 350 0 0 11318 5162 11648 7163
Match Result: 593 407 0 0 11334 8393 11757 6651
Match Result: 529 471 0 0 14051 12530 8251 7249
Match Result: 700 300 0 0 13565 4476 11581 6111
Match Result: 589 411 0 0 13492 9345 9962 6320
Match Result: 360 640 0 0 4870 13192 8726 11728
Match Result: 617 383 0 0 7683 4904 9721 5342
Match Result: 636 364 0 0 8604 6306 12989 4800
Match Result: 539 461 0 0 11118 11186 9493 7903
Match Result: 573 427 0 0 9281 6018 8481 8322
Match Result: 610 390 0 0 11038 7543 11055 6084
Match Result: 561 439 0 0 14857 12131 8733 6616
Match Result: 732 268 0 0 14607 3854 13573 5611
Match Result: 578 422 0 0 13306 9798 10243 6235
Match Result: 400 600 0 0 5418 12577 10238 11304
Match Result: 622 378 0 0 7930 5114 10414 5426
Match Result: 650 350 0 0 8928 6400 14442 4686
Match Result: 556 444 0 0 11670 10973 10622 7602
Match Result: 615 385 0 0 10084 5450 9618 7225
Match Result: 644 356 0 0 11942 6969 12579 5692
Match Result: 464 536 0 0 12870 15073 7308 8187
Match Result: 745 255 0 0 14919 3738 13401 5412
Match Result: 581 419 0 0 13388 10363 10697 5953
Match Result: 336 664 0 0 4558 14228 8804 12671
Match Result: 598 402 0 0 7660 5398 10409 5234
Match Result: 629 371 0 0 8507 6659 14311 4784
Match Result: 549 451 0 0 12049 11317 9909 7545
Match Result: 590 410 0 0 10041 6048 9273 7341
Match Result: 635 365 0 0 11734 7499 12627 5707
Match Result: 622 378 0 0 16221 10066 9581 6402
Match Result: 786 214 0 0 16873 3398 15853 4630
Match Result: 522 478 0 0 12293 10993 9276 7403
Match Result: 393 607 0 0 5483 13522 10234 12302
Match Result: 542 458 0 0 7532 6704 9793 6701
Match Result: 579 421 0 0 8117 7872 13333 5898
Match Result: 583 417 0 0 13584 11075 11012 7795
Match Result: 675 325 0 0 13013 5158 13184 6505
Match Result: 589 411 0 0 11909 9145 12082 7248
Match Result: 530 470 0 0 14632 12912 8347 7122
Match Result: 839 161 0 0 17426 2372 16977 3818
Match Result: 571 429 0 0 13521 10397 10459 6532
Match Result: 410 590 0 0 5462 12276 10152 10582
Match Result: 601 399 0 0 7959 5620 9731 6170
Match Result: 630 370 0 0 8722 6723 13981 5242
Match Result: 568 432 0 0 11957 10695 10963 7524
Match Result: 655 345 0 0 11694 5068 10981 7224
Match Result: 596 404 0 0 11567 8522 12133 6882
Match Result: 490 510 0 0 12833 13951 7695 7299
Match Result: 727 273 0 0 14453 4230 11964 5834
Match Result: 556 444 0 0 12876 10310 9710 6663
Match Result: 406 594 0 0 5504 12078 9858 11078
Match Result: 627 373 0 0 7861 4864 9276 5478
Match Result: 670 330 0 0 9168 5738 13863 4494
Match Result: 531 469 0 0 10858 11093 9420 7594
Match Result: 558 442 0 0 9354 6428 7769 8460
Match Result: 632 368 0 0 11754 7565 11345 5757
Match Result: 529 471 0 0 14329 12926 8102 7409
Match Result: 741 259 0 0 14954 3844 14241 5835
Match Result: 562 438 0 0 13127 10405 9573 6671
Match Result: 389 611 0 0 5277 12929 9787 11109
Match Result: 632 368 0 0 8136 5112 9977 5623
Match Result: 620 380 0 0 8520 7017 13661 4957
Match Result: 584 416 0 0 12613 10313 10955 6983
Match Result: 618 382 0 0 10446 5500 9405 7261
Match Result: 686 314 0 0 12974 6395 13361 5394
Match Result: 525 475 0 0 14487 13149 8152 7142
Match Result: 760 240 0 0 15660 3750 14136 5234
Match Result: 559 441 0 0 13252 10693 10154 6448
Match Result: 389 611 0 0 5151 12843 9730 11187
Match Result: 607 393 0 0 7821 5258 9586 5905
Match Result: 639 361 0 0 8683 6422 14098 4819
Match Result: 528 472 0 0 11248 11501 9493 7966
Match Result: 581 419 0 0 9893 6128 9228 8344
Match Result: 609 391 0 0 11690 7986 11396 6414
