RoundRobin_DeckPlaying

Agents
MPA28
MPA28-2
MPA28-3

Decks
Mage
Warrior
Shaman

Match Results
Match Result: 0 1 0 0 550 450 0 0 13589 12049 8620 6428
Match Result: 0 1 0 1 841 159 0 0 16719 2546 16016 3185
Match Result: 0 1 0 2 681 319 0 0 15222 6899 11574 4391
Match Result: 0 1 1 0 399 601 0 0 5373 12810 10847 12412
Match Result: 0 1 1 1 610 390 0 0 7944 5904 12113 5434
Match Result: 0 1 1 2 679 321 0 0 8995 6041 16919 4324
Match Result: 0 1 2 0 534 466 0 0 10717 11748 10531 7566
Match Result: 0 1 2 1 738 262 0 0 13013 3980 12919 5157
Match Result: 0 1 2 2 728 272 0 0 13410 5901 15745 3983
Match Result: 0 2 0 0 562 438 0 0 14589 12160 9070 6554
Match Result: 0 2 0 1 783 217 0 0 15826 3326 14922 4530
Match Result: 0 2 0 2 700 300 0 0 15881 7110 12519 4045
Match Result: 0 2 1 0 374 626 0 0 4790 13026 9843 12928
Match Result: 0 2 1 1 592 408 0 0 7614 5790 11235 5811
Match Result: 0 2 1 2 620 380 0 0 8192 7007 14464 4988
Match Result: 0 2 2 0 543 457 0 0 11142 11323 10505 7663
Match Result: 0 2 2 1 642 358 0 0 11454 5536 11430 7203
Match Result: 0 2 2 2 693 307 0 0 12837 6540 14718 4623
Match Result: 1 0 0 0 488 512 0 0 12471 13115 7523 7506
Match Result: 1 0 0 1 813 187 0 0 16700 2900 16695 4241
Match Result: 1 0 0 2 578 422 0 0 13978 9964 10309 6168
Match Result: 1 0 1 0 373 627 0 0 4911 13056 9923 11862
Match Result: 1 0 1 1 660 340 0 0 8824 5028 12382 4944
Match Result: 1 0 1 2 580 420 0 0 8152 7942 14048 5663
Match Result: 1 0 2 0 530 470 0 0 10296 11074 9933 7836
Match Result: 1 0 2 1 636 364 0 0 11187 5408 10810 7606
Match Result: 1 0 2 2 538 462 0 0 10348 9553 10765 7504
Match Result: 1 2 0 0 557 443 0 0 14270 11594 8926 6380
Match Result: 1 2 0 1 793 207 0 0 16823 3274 15981 4614
Match Result: 1 2 0 2 669 331 0 0 16049 7881 12607 4936
Match Result: 1 2 1 0 385 615 0 0 5171 13015 9971 12115
Match Result: 1 2 1 1 597 403 0 0 7987 5838 10837 5803
Match Result: 1 2 1 2 581 419 0 0 8069 7860 13880 5940
Match Result: 1 2 2 0 516 484 0 0 10591 11881 9685 8060
Match Result: 1 2 2 1 588 412 0 0 10729 6318 10036 8575
Match Result: 1 2 2 2 610 390 0 0 11979 8397 12790 6558
Match Result: 2 0 0 0 466 534 0 0 12563 14204 6945 8120
Match Result: 2 0 0 1 808 192 0 0 16166 2872 15560 4118
Match Result: 2 0 0 2 593 407 0 0 14197 9695 10927 6011
Match Result: 2 0 1 0 390 610 0 0 5202 12750 10096 11577
Match Result: 2 0 1 1 700 300 0 0 9150 4276 12475 4353
Match Result: 2 0 1 2 597 403 0 0 8219 7696 14314 5342
Match Result: 2 0 2 0 424 576 0 0 8608 13983 7836 9953
Match Result: 2 0 2 1 602 398 0 0 10385 5786 9669 7582
Match Result: 2 0 2 2 557 443 0 0 11132 9334 10939 7057
Match Result: 2 1 0 0 480 520 0 0 12526 14123 7161 8203
Match Result: 2 1 0 1 788 212 0 0 16000 3242 14361 4632
Match Result: 2 1 0 2 618 382 0 0 14629 8860 10886 5904
Match Result: 2 1 1 0 439 561 0 0 5777 12141 12048 10979
Match Result: 2 1 1 1 663 337 0 0 8805 4880 12394 4804
Match Result: 2 1 1 2 679 321 0 0 9169 6275 17062 4215
Match Result: 2 1 2 0 469 531 0 0 9639 13318 9408 9058
Match Result: 2 1 2 1 669 331 0 0 11820 4994 11082 6493
Match Result: 2 1 2 2 681 319 0 0 13294 7029 14578 5126
