RoundRobin_DeckPlaying

Agents
MPA28Norm
MPA28Norm-2
MPA28Norm-3

Decks
Mage
Warrior
Shaman

Match Results
Match Result: 0 1 0 0 541 459 0 0 14323 12058 8122 7104
Match Result: 0 1 0 1 788 212 0 0 16326 3212 15741 4877
Match Result: 0 1 0 2 598 402 0 0 14768 9857 10733 5964
Match Result: 0 1 1 0 405 595 0 0 5243 12436 10448 12116
Match Result: 0 1 1 1 562 438 0 0 7534 5994 9294 7270
Match Result: 0 1 1 2 463 537 0 0 6299 9946 10676 8191
Match Result: 0 1 2 0 479 521 0 0 9894 12829 8869 8347
Match Result: 0 1 2 1 565 435 0 0 9981 6278 9214 8974
Match Result: 0 1 2 2 506 494 0 0 10177 10720 9524 8471
Match Result: 0 2 0 0 489 511 0 0 12982 13456 7559 7837
Match Result: 0 2 0 1 811 189 0 0 16784 2920 15667 4176
Match Result: 0 2 0 2 573 427 0 0 14033 10908 10816 6188
Match Result: 0 2 1 0 390 610 0 0 4958 12753 10547 13048
Match Result: 0 2 1 1 575 425 0 0 7589 6126 11577 6266
Match Result: 0 2 1 2 545 455 0 0 7305 8585 13347 6308
Match Result: 0 2 2 0 522 478 0 0 10436 11891 10428 8350
Match Result: 0 2 2 1 677 323 0 0 12045 4842 12257 6266
Match Result: 0 2 2 2 623 377 0 0 12232 8588 13228 6259
Match Result: 1 0 0 0 518 482 0 0 13227 12828 8003 7502
Match Result: 1 0 0 1 731 269 0 0 14775 3888 14387 5851
Match Result: 1 0 0 2 597 403 0 0 14095 9356 10720 5952
Match Result: 1 0 1 0 357 643 0 0 4829 13657 9248 13033
Match Result: 1 0 1 1 669 331 0 0 8603 4632 12327 4824
Match Result: 1 0 1 2 616 384 0 0 8282 7163 14455 5240
Match Result: 1 0 2 0 536 464 0 0 11843 11797 9764 8328
Match Result: 1 0 2 1 695 305 0 0 12212 4476 12397 6169
Match Result: 1 0 2 2 694 306 0 0 13481 6685 14198 4855
Match Result: 1 2 0 0 457 543 0 0 11991 14308 6736 8309
Match Result: 1 2 0 1 776 224 0 0 15523 3370 15281 4472
Match Result: 1 2 0 2 619 381 0 0 14314 9278 11302 5325
Match Result: 1 2 1 0 428 572 0 0 5518 11977 11682 12136
Match Result: 1 2 1 1 679 321 0 0 8777 4500 13889 4137
Match Result: 1 2 1 2 678 322 0 0 8824 6001 16868 4155
Match Result: 1 2 2 0 419 581 0 0 8534 14636 8241 10344
Match Result: 1 2 2 1 722 278 0 0 12636 4206 13398 5398
Match Result: 1 2 2 2 705 295 0 0 13514 6889 15077 4297
Match Result: 2 0 0 0 603 397 0 0 15733 10736 9100 5724
Match Result: 2 0 0 1 757 243 0 0 15475 3484 15474 5795
Match Result: 2 0 0 2 677 323 0 0 16090 7389 12572 5112
Match Result: 2 0 1 0 353 647 0 0 4791 13797 9233 12858
Match Result: 2 0 1 1 619 381 0 0 8225 5546 11653 6201
Match Result: 2 0 1 2 521 479 0 0 7193 9003 12487 7198
Match Result: 2 0 2 0 548 452 0 0 12323 11627 9732 7735
Match Result: 2 0 2 1 701 299 0 0 12440 4320 12184 6468
Match Result: 2 0 2 2 623 377 0 0 12241 8289 12840 6293
Match Result: 2 1 0 0 635 365 0 0 16302 9779 10015 5004
Match Result: 2 1 0 1 782 218 0 0 16008 3152 16009 5145
Match Result: 2 1 0 2 674 326 0 0 16075 7698 12371 5020
Match Result: 2 1 1 0 402 598 0 0 5316 12375 10258 11891
Match Result: 2 1 1 1 581 419 0 0 7681 5970 10095 7071
Match Result: 2 1 1 2 494 506 0 0 6894 9465 11232 7822
Match Result: 2 1 2 0 497 503 0 0 10544 12497 8983 8913
Match Result: 2 1 2 1 603 397 0 0 10665 5740 9837 8549
Match Result: 2 1 2 2 536 464 0 0 10964 10025 10546 7822
