RoundRobin_DeckPlaying

Agents
ParametricGreedyAgentPure051
ParametricGreedyAgentPure052
ParametricGreedyAgentPure101
ParametricGreedyAgentPure102
ParametricGreedyAgentPure151
ParametricGreedyAgentPure152

Decks
Mage
Warrior
Shaman

Match Results
Match Result: 0 1 0 0 567 433 0 0 14588 12024 8956 7035
Match Result: 0 1 0 1 732 268 0 0 15483 4100 13811 5574
Match Result: 0 1 0 2 474 526 0 0 11288 11798 7894 8307
Match Result: 0 1 1 0 318 682 0 0 4492 15185 8226 14176
Match Result: 0 1 1 1 518 482 0 0 7088 7216 10139 6414
Match Result: 0 1 1 2 516 484 0 0 7248 9225 12416 7282
Match Result: 0 1 2 0 554 446 0 0 12766 11790 10588 8513
Match Result: 0 1 2 1 680 320 0 0 13010 5252 13213 5935
Match Result: 0 1 2 2 548 452 0 0 10793 9740 11108 8016
Match Result: 0 2 0 0 455 545 0 0 12172 14759 6730 8357
Match Result: 0 2 0 1 709 291 0 0 13796 4232 11725 6084
Match Result: 0 2 0 2 562 438 0 0 12861 10111 9224 6975
Match Result: 0 2 1 0 323 677 0 0 4327 14086 8143 12985
Match Result: 0 2 1 1 630 370 0 0 8192 4962 10444 5850
Match Result: 0 2 1 2 590 410 0 0 8250 7623 13303 5965
Match Result: 0 2 2 0 512 488 0 0 10478 11833 9437 8038
Match Result: 0 2 2 1 601 399 0 0 10045 5748 9237 7796
Match Result: 0 2 2 2 633 367 0 0 11588 7301 12227 6163
Match Result: 0 3 0 0 482 518 0 0 12786 13946 7884 8236
Match Result: 0 3 0 1 703 297 0 0 14012 4242 12850 6372
Match Result: 0 3 0 2 535 465 0 0 12479 10140 8742 7585
Match Result: 0 3 1 0 390 610 0 0 5076 13033 10280 11207
Match Result: 0 3 1 1 644 356 0 0 8394 4866 10662 5289
Match Result: 0 3 1 2 571 429 0 0 7827 8134 12935 5946
Match Result: 0 3 2 0 598 402 0 0 11941 9847 11664 6546
Match Result: 0 3 2 1 612 388 0 0 10233 5656 9408 7385
Match Result: 0 3 2 2 669 331 0 0 12500 6580 12608 5329
Match Result: 0 4 0 0 438 562 0 0 11927 15300 6688 9127
Match Result: 0 4 0 1 678 322 0 0 13738 4744 11676 6913
Match Result: 0 4 0 2 512 488 0 0 11961 11517 8980 7550
Match Result: 0 4 1 0 340 660 0 0 4606 14078 8639 12552
Match Result: 0 4 1 1 579 421 0 0 7541 5840 9829 5948
Match Result: 0 4 1 2 517 483 0 0 7159 9048 11783 6812
Match Result: 0 4 2 0 475 525 0 0 10233 13190 8475 8895
Match Result: 0 4 2 1 590 410 0 0 10273 6122 9405 7795
Match Result: 0 4 2 2 549 451 0 0 10384 9180 10748 7609
Match Result: 0 5 0 0 466 534 0 0 12737 14262 7394 8364
Match Result: 0 5 0 1 671 329 0 0 13515 4842 12129 6924
Match Result: 0 5 0 2 522 478 0 0 12213 11067 8996 7427
Match Result: 0 5 1 0 308 692 0 0 4304 14827 8069 13724
Match Result: 0 5 1 1 575 425 0 0 7613 5966 10607 6036
Match Result: 0 5 1 2 548 452 0 0 7666 8532 12912 6616
Match Result: 0 5 2 0 488 512 0 0 10528 12665 8902 8705
Match Result: 0 5 2 1 594 406 0 0 10284 6016 9617 7811
Match Result: 0 5 2 2 602 398 0 0 11374 8174 12337 7169
Match Result: 1 0 0 0 418 582 0 0 11425 15121 6229 9206
Match Result: 1 0 0 1 817 183 0 0 17787 3077 17495 4134
Match Result: 1 0 0 2 463 537 0 0 11944 13855 8958 8353
Match Result: 1 0 1 0 387 613 0 0 5337 13264 9532 11873
Match Result: 1 0 1 1 695 305 0 0 9651 4548 11653 5114
Match Result: 1 0 1 2 535 465 0 0 7789 9464 12326 7882
Match Result: 1 0 2 0 610 390 0 0 12453 9615 12011 6290
Match Result: 1 0 2 1 716 284 0 0 13070 4302 12573 6058
Match Result: 1 0 2 2 627 373 0 0 12724 8297 12902 6200
Match Result: 1 2 0 0 392 608 0 0 10591 15295 5798 8949
Match Result: 1 2 0 1 783 217 0 0 16490 3440 14700 4745
Match Result: 1 2 0 2 486 514 0 0 12369 12912 8932 8008
Match Result: 1 2 1 0 347 653 0 0 4851 14069 8595 12228
Match Result: 1 2 1 1 710 290 0 0 9598 4068 11069 4609
Match Result: 1 2 1 2 555 445 0 0 8137 8844 12567 7882
Match Result: 1 2 2 0 552 448 0 0 10869 10487 10383 6887
Match Result: 1 2 2 1 660 340 0 0 11194 4978 10020 7025
Match Result: 1 2 2 2 623 377 0 0 12272 7910 11972 6710
Match Result: 1 3 0 0 415 585 0 0 10968 14817 6469 9036
Match Result: 1 3 0 1 806 194 0 0 17105 2910 16738 4531
Match Result: 1 3 0 2 512 488 0 0 12966 12176 9697 7334
Match Result: 1 3 1 0 391 609 0 0 5365 13339 9917 11779
Match Result: 1 3 1 1 670 330 0 0 9010 4728 10474 5325
Match Result: 1 3 1 2 554 446 0 0 7944 9080 12371 7311
Match Result: 1 3 2 0 638 362 0 0 12653 8950 12711 5659
Match Result: 1 3 2 1 686 314 0 0 11594 4642 10217 6132
Match Result: 1 3 2 2 685 315 0 0 13450 6732 13668 4817
Match Result: 1 4 0 0 363 637 0 0 10042 16452 5531 10103
Match Result: 1 4 0 1 752 248 0 0 16418 4064 15391 5633
Match Result: 1 4 0 2 452 548 0 0 11838 14386 8421 8412
Match Result: 1 4 1 0 336 664 0 0 4758 14427 8209 12850
Match Result: 1 4 1 1 655 345 0 0 8789 4870 10740 5709
Match Result: 1 4 1 2 486 514 0 0 7170 10331 10983 8627
Match Result: 1 4 2 0 547 453 0 0 11492 11296 10097 7445
Match Result: 1 4 2 1 619 381 0 0 10796 5736 9865 7704
Match Result: 1 4 2 2 597 403 0 0 12178 8635 12227 6817
Match Result: 1 5 0 0 385 615 0 0 10719 15965 5869 9152
Match Result: 1 5 0 1 767 233 0 0 16832 3565 15302 5538
Match Result: 1 5 0 2 460 540 0 0 11831 14281 9003 8113
Match Result: 1 5 1 0 305 695 0 0 4205 15428 7848 13659
Match Result: 1 5 1 1 645 355 0 0 8935 5158 11117 5865
Match Result: 1 5 1 2 484 516 0 0 7232 10467 11205 8705
Match Result: 1 5 2 0 563 437 0 0 11681 10813 10506 6861
Match Result: 1 5 2 1 653 347 0 0 11369 5272 11011 6859
Match Result: 1 5 2 2 624 376 0 0 12642 8440 13142 6194
Match Result: 2 0 0 0 534 466 0 0 14298 12491 8485 6845
Match Result: 2 0 0 1 795 205 0 0 16022 3044 15063 4407
Match Result: 2 0 0 2 567 433 0 0 12914 9723 9746 6519
Match Result: 2 0 1 0 426 574 0 0 5690 11672 10447 9572
Match Result: 2 0 1 1 572 428 0 0 7180 5804 10253 5814
Match Result: 2 0 1 2 592 408 0 0 8224 7102 12369 5033
Match Result: 2 0 2 0 588 412 0 0 12041 10208 11348 6302
Match Result: 2 0 2 1 653 347 0 0 11373 5156 11317 6792
Match Result: 2 0 2 2 572 428 0 0 10635 8579 11150 6650
Match Result: 2 1 0 0 578 422 0 0 14583 11528 9140 6368
Match Result: 2 1 0 1 753 247 0 0 15704 3808 14174 5141
Match Result: 2 1 0 2 500 500 0 0 11304 10774 7904 7608
Match Result: 2 1 1 0 399 601 0 0 5632 13206 10189 11309
Match Result: 2 1 1 1 535 465 0 0 7001 6564 9995 6192
Match Result: 2 1 1 2 544 456 0 0 7466 8077 12312 5590
Match Result: 2 1 2 0 578 422 0 0 12833 11031 11250 7686
Match Result: 2 1 2 1 649 351 0 0 12331 5606 12522 6354
Match Result: 2 1 2 2 587 413 0 0 11042 8706 12378 6579
Match Result: 2 3 0 0 529 471 0 0 13791 12402 8145 7242
Match Result: 2 3 0 1 740 260 0 0 14413 3828 13397 5260
Match Result: 2 3 0 2 577 423 0 0 12762 9040 9748 6422
Match Result: 2 3 1 0 462 538 0 0 6300 11002 11065 8996
Match Result: 2 3 1 1 607 393 0 0 7479 5046 9741 5382
Match Result: 2 3 1 2 660 340 0 0 8834 5793 13959 4164
Match Result: 2 3 2 0 597 403 0 0 11803 9607 11551 6134
Match Result: 2 3 2 1 592 408 0 0 9445 5710 8759 7069
Match Result: 2 3 2 2 646 354 0 0 11569 6533 11758 5242
Match Result: 2 4 0 0 482 518 0 0 12888 14047 7541 8063
Match Result: 2 4 0 1 706 294 0 0 14081 4410 12601 6179
Match Result: 2 4 0 2 537 463 0 0 12278 10289 8892 6886
Match Result: 2 4 1 0 413 587 0 0 5777 12017 9819 9595
Match Result: 2 4 1 1 565 435 0 0 6963 5702 8994 5392
Match Result: 2 4 1 2 618 382 0 0 8306 6437 12887 4603
Match Result: 2 4 2 0 533 467 0 0 10904 11207 10156 7435
Match Result: 2 4 2 1 532 468 0 0 8701 6756 8538 8339
Match Result: 2 4 2 2 566 434 0 0 10384 8598 10663 6539
Match Result: 2 5 0 0 496 504 0 0 12978 13302 7715 7978
Match Result: 2 5 0 1 717 283 0 0 14191 4315 12803 5659
Match Result: 2 5 0 2 561 439 0 0 12559 9645 9406 6704
Match Result: 2 5 1 0 392 608 0 0 5444 12569 9819 10302
Match Result: 2 5 1 1 557 443 0 0 6961 5878 9681 5420
Match Result: 2 5 1 2 600 400 0 0 8164 6817 13065 4922
Match Result: 2 5 2 0 508 492 0 0 10459 12129 9693 7969
Match Result: 2 5 2 1 562 438 0 0 9450 6392 9442 7907
Match Result: 2 5 2 2 597 403 0 0 10837 8125 12321 6054
Match Result: 3 0 0 0 521 479 0 0 13664 12501 7863 7737
Match Result: 3 0 0 1 786 214 0 0 15945 3084 14865 5002
Match Result: 3 0 0 2 488 512 0 0 11662 11405 8269 8395
Match Result: 3 0 1 0 446 554 0 0 5758 11410 11190 10762
Match Result: 3 0 1 1 538 462 0 0 6930 6318 9316 6589
Match Result: 3 0 1 2 567 433 0 0 7593 7460 12651 5932
Match Result: 3 0 2 0 521 479 0 0 10372 11590 10109 7706
Match Result: 3 0 2 1 608 392 0 0 11052 5754 10214 7921
Match Result: 3 0 2 2 532 468 0 0 9999 9193 9992 7643
Match Result: 3 1 0 0 609 391 0 0 15464 10696 9485 6062
Match Result: 3 1 0 1 731 269 0 0 15306 4190 14330 5789
Match Result: 3 1 0 2 449 551 0 0 10584 12167 7015 8954
Match Result: 3 1 1 0 349 651 0 0 4616 14248 9390 13742
Match Result: 3 1 1 1 558 442 0 0 7444 6290 9795 5870
Match Result: 3 1 1 2 483 517 0 0 6545 9208 11057 7082
Match Result: 3 1 2 0 540 460 0 0 12040 11830 10471 8428
Match Result: 3 1 2 1 640 360 0 0 12435 5750 12336 6566
Match Result: 3 1 2 2 495 505 0 0 9428 10582 10126 8577
Match Result: 3 2 0 0 487 513 0 0 12698 13581 7560 7643
Match Result: 3 2 0 1 692 308 0 0 13502 4640 11427 6126
Match Result: 3 2 0 2 496 504 0 0 11203 10791 7874 8196
Match Result: 3 2 1 0 394 606 0 0 5198 12271 9703 11706
Match Result: 3 2 1 1 573 427 0 0 7037 5528 9430 5812
Match Result: 3 2 1 2 593 407 0 0 7799 6835 12416 5554
Match Result: 3 2 2 0 484 516 0 0 9471 11856 8614 8121
Match Result: 3 2 2 1 572 428 0 0 9426 6204 8134 7913
Match Result: 3 2 2 2 573 427 0 0 10244 8140 10368 6679
Match Result: 3 4 0 0 471 529 0 0 12845 14335 6993 7922
Match Result: 3 4 0 1 704 296 0 0 14202 4394 12566 6281
Match Result: 3 4 0 2 508 492 0 0 11941 11089 8457 7724
Match Result: 3 4 1 0 392 608 0 0 5210 12455 9741 11698
Match Result: 3 4 1 1 573 427 0 0 7113 5680 9520 5441
Match Result: 3 4 1 2 555 445 0 0 7325 7584 12028 5760
Match Result: 3 4 2 0 497 503 0 0 10039 12046 9409 8098
Match Result: 3 4 2 1 517 483 0 0 9031 7150 7413 9360
Match Result: 3 4 2 2 536 464 0 0 9889 9232 10011 7220
Match Result: 3 5 0 0 489 511 0 0 13246 13679 7340 7885
Match Result: 3 5 0 1 678 322 0 0 13601 4830 12189 6699
Match Result: 3 5 0 2 500 500 0 0 11545 11168 8476 8113
Match Result: 3 5 1 0 363 637 0 0 4831 13378 9326 12663
Match Result: 3 5 1 1 543 457 0 0 6773 6118 9566 6038
Match Result: 3 5 1 2 573 427 0 0 7565 7335 12947 5472
Match Result: 3 5 2 0 515 485 0 0 10542 11759 9540 7896
Match Result: 3 5 2 1 552 448 0 0 9566 6560 8829 8541
Match Result: 3 5 2 2 541 459 0 0 9863 9082 10647 7345
Match Result: 4 0 0 0 566 434 0 0 15280 11833 9241 6538
Match Result: 4 0 0 1 833 167 0 0 16983 2478 16213 3654
Match Result: 4 0 0 2 582 418 0 0 13641 9895 10657 6370
Match Result: 4 0 1 0 418 582 0 0 5630 12251 10329 10598
Match Result: 4 0 1 1 590 410 0 0 7684 5536 10025 5797
Match Result: 4 0 1 2 590 410 0 0 8106 7399 13321 5458
Match Result: 4 0 2 0 548 452 0 0 11406 11285 10352 7674
Match Result: 4 0 2 1 663 337 0 0 11597 4994 11340 6910
Match Result: 4 0 2 2 639 361 0 0 12043 7571 12824 5810
Match Result: 4 1 0 0 577 423 0 0 15004 11945 9172 6549
Match Result: 4 1 0 1 797 203 0 0 16662 3198 15525 4217
Match Result: 4 1 0 2 494 506 0 0 11617 11640 8474 7963
Match Result: 4 1 1 0 376 624 0 0 5392 14084 9691 12844
Match Result: 4 1 1 1 533 467 0 0 7183 6714 9840 6392
Match Result: 4 1 1 2 570 430 0 0 7894 7877 13221 5721
Match Result: 4 1 2 0 572 428 0 0 13456 11375 10609 8357
Match Result: 4 1 2 1 674 326 0 0 12762 5260 13443 6093
Match Result: 4 1 2 2 583 417 0 0 11740 9047 11882 7012
Match Result: 4 2 0 0 489 511 0 0 12800 13840 7587 7666
Match Result: 4 2 0 1 735 265 0 0 14484 3940 12195 5371
Match Result: 4 2 0 2 532 468 0 0 12452 10469 9058 7516
Match Result: 4 2 1 0 447 553 0 0 6072 11519 11033 9859
Match Result: 4 2 1 1 661 339 0 0 8345 4296 10397 4573
Match Result: 4 2 1 2 643 357 0 0 8665 6191 13845 4630
Match Result: 4 2 2 0 568 432 0 0 11154 10368 10558 6872
Match Result: 4 2 2 1 631 369 0 0 10254 5284 9290 6641
Match Result: 4 2 2 2 641 359 0 0 11567 7140 11651 5704
Match Result: 4 3 0 0 547 453 0 0 14339 12362 8746 7004
Match Result: 4 3 0 1 740 260 0 0 14816 3880 13871 5307
Match Result: 4 3 0 2 598 402 0 0 13639 9151 10492 6119
Match Result: 4 3 1 0 450 550 0 0 6166 11535 11188 10085
Match Result: 4 3 1 1 632 368 0 0 7972 4852 9988 4953
Match Result: 4 3 1 2 647 353 0 0 8731 6268 14193 4305
Match Result: 4 3 2 0 592 408 0 0 11897 9921 11375 6354
Match Result: 4 3 2 1 611 389 0 0 9952 5414 9196 7159
Match Result: 4 3 2 2 680 320 0 0 12527 6245 12788 4921
Match Result: 4 5 0 0 516 484 0 0 14064 13201 7954 7360
Match Result: 4 5 0 1 750 250 0 0 15073 3858 13750 5184
Match Result: 4 5 0 2 535 465 0 0 12489 10999 9295 6919
Match Result: 4 5 1 0 363 637 0 0 5025 13652 9252 12533
Match Result: 4 5 1 1 603 397 0 0 7649 5238 10522 5605
Match Result: 4 5 1 2 600 400 0 0 8174 7191 13435 5107
Match Result: 4 5 2 0 535 465 0 0 11157 11387 10145 7629
Match Result: 4 5 2 1 587 413 0 0 9987 6070 9765 7631
Match Result: 4 5 2 2 630 370 0 0 11748 7704 12295 5850
Match Result: 5 0 0 0 563 437 0 0 14930 12093 9142 6677
Match Result: 5 0 0 1 825 175 0 0 17101 2776 16308 3921
Match Result: 5 0 0 2 554 446 0 0 13123 10853 9895 6795
Match Result: 5 0 1 0 456 544 0 0 6172 11284 11181 9879
Match Result: 5 0 1 1 599 401 0 0 7857 5666 10335 6217
Match Result: 5 0 1 2 616 384 0 0 8472 7054 14109 5362
Match Result: 5 0 2 0 587 413 0 0 12385 10209 11074 6765
Match Result: 5 0 2 1 676 324 0 0 12108 4882 11177 6760
Match Result: 5 0 2 2 610 390 0 0 11859 8073 12435 6828
Match Result: 5 1 0 0 607 393 0 0 15578 10941 9560 5980
Match Result: 5 1 0 1 767 233 0 0 16419 3626 15473 5127
Match Result: 5 1 0 2 497 503 0 0 11762 11462 8570 7948
Match Result: 5 1 1 0 362 638 0 0 5072 14229 9534 12871
Match Result: 5 1 1 1 533 467 0 0 7193 6982 9963 6705
Match Result: 5 1 1 2 570 430 0 0 8034 7997 13351 6035
Match Result: 5 1 2 0 575 425 0 0 13733 11357 10265 8093
Match Result: 5 1 2 1 672 328 0 0 13101 5334 12928 6443
Match Result: 5 1 2 2 577 423 0 0 11929 9626 11403 7202
Match Result: 5 2 0 0 520 480 0 0 13948 13019 7918 7215
Match Result: 5 2 0 1 740 260 0 0 14734 3934 12907 5627
Match Result: 5 2 0 2 553 447 0 0 12977 10394 9614 6837
Match Result: 5 2 1 0 432 568 0 0 5964 11728 10379 10243
Match Result: 5 2 1 1 640 360 0 0 8090 4702 9984 5514
Match Result: 5 2 1 2 659 341 0 0 9045 6106 14407 4428
Match Result: 5 2 2 0 539 461 0 0 11028 10968 9440 6973
Match Result: 5 2 2 1 611 389 0 0 10186 5526 8830 7849
Match Result: 5 2 2 2 611 389 0 0 11491 7760 11184 6386
Match Result: 5 3 0 0 549 451 0 0 14561 12346 8682 6690
Match Result: 5 3 0 1 731 269 0 0 14768 4078 13873 5796
Match Result: 5 3 0 2 606 394 0 0 14151 8857 10683 6035
Match Result: 5 3 1 0 442 558 0 0 5962 11630 10779 10305
Match Result: 5 3 1 1 635 365 0 0 8171 4846 9803 5433
Match Result: 5 3 1 2 656 344 0 0 8924 6191 14186 4680
Match Result: 5 3 2 0 585 415 0 0 12061 10167 10983 6751
Match Result: 5 3 2 1 615 385 0 0 10200 5440 9188 7510
Match Result: 5 3 2 2 653 347 0 0 12223 6818 11960 5630
Match Result: 5 4 0 0 505 495 0 0 13524 13672 8011 7482
Match Result: 5 4 0 1 758 242 0 0 15817 3706 13683 5346
Match Result: 5 4 0 2 543 457 0 0 12887 10710 9488 6946
Match Result: 5 4 1 0 377 623 0 0 5149 13044 9230 11704
Match Result: 5 4 1 1 572 428 0 0 7326 5830 9447 6331
Match Result: 5 4 1 2 616 384 0 0 8548 6865 13322 5238
Match Result: 5 4 2 0 517 483 0 0 11186 11964 9322 8262
Match Result: 5 4 2 1 577 423 0 0 9887 6162 8979 8428
Match Result: 5 4 2 2 601 399 0 0 11679 8228 11322 6642
