RoundRobin_DeckPlaying

Agents
MPA63ShadeLike
MPA63ShadeLike-2
MPA63ShadeLike-2

Decks
Mage
Warrior
Shaman

Match Results
Match Result: 0 1 0 0 467 533 0 0 12275 14007 7234 8003
Match Result: 0 1 0 1 685 315 0 0 13290 4606 11569 6618
Match Result: 0 1 0 2 595 405 0 0 13305 9201 10039 5905
Match Result: 0 1 1 0 409 591 0 0 5435 12061 10367 9934
Match Result: 0 1 1 1 601 399 0 0 7483 5150 9840 5866
Match Result: 0 1 1 2 637 363 0 0 8647 6392 14130 4785
Match Result: 0 1 2 0 561 439 0 0 11190 10322 10501 6618
Match Result: 0 1 2 1 528 472 0 0 8497 6718 8031 8737
Match Result: 0 1 2 2 654 346 0 0 11846 6810 12901 5501
Match Result: 0 2 0 0 524 476 0 0 13295 12738 8077 7611
Match Result: 0 2 0 1 654 346 0 0 12599 4892 10928 7461
Match Result: 0 2 0 2 549 451 0 0 12255 10181 9400 6536
Match Result: 0 2 1 0 441 559 0 0 5927 11466 11070 9389
Match Result: 0 2 1 1 620 380 0 0 7656 4820 9830 5133
Match Result: 0 2 1 2 638 362 0 0 8754 6443 14314 4638
Match Result: 0 2 2 0 573 427 0 0 11216 10017 10755 6391
Match Result: 0 2 2 1 568 432 0 0 9040 6064 8369 7602
Match Result: 0 2 2 2 674 326 0 0 11937 6546 13387 5139
Match Result: 1 0 0 0 494 506 0 0 12619 13280 7604 7600
Match Result: 1 0 0 1 725 275 0 0 14286 3926 11933 6136
Match Result: 1 0 0 2 543 457 0 0 12261 9801 9005 7223
Match Result: 1 0 1 0 426 574 0 0 5532 11527 10826 10003
Match Result: 1 0 1 1 616 384 0 0 7600 5018 10434 4952
Match Result: 1 0 1 2 653 347 0 0 8679 5830 14074 4319
Match Result: 1 0 2 0 503 497 0 0 9913 11626 9443 7960
Match Result: 1 0 2 1 570 430 0 0 9632 6170 8616 8348
Match Result: 1 0 2 2 544 456 0 0 10032 8714 10330 7405
Match Result: 1 2 0 0 497 503 0 0 12920 13095 7780 7599
Match Result: 1 2 0 1 661 339 0 0 12735 4772 11912 7507
Match Result: 1 2 0 2 584 416 0 0 12860 9096 10103 6040
Match Result: 1 2 1 0 456 544 0 0 5942 10925 11380 9682
Match Result: 1 2 1 1 642 358 0 0 7680 4480 10606 4687
Match Result: 1 2 1 2 686 314 0 0 9042 5407 15324 3706
Match Result: 1 2 2 0 520 480 0 0 10422 11077 9319 7383
Match Result: 1 2 2 1 493 507 0 0 7999 7052 7098 9295
Match Result: 1 2 2 2 623 377 0 0 11028 7299 12210 5985
Match Result: 2 0 0 0 503 497 0 0 12896 12973 7776 7512
Match Result: 2 0 0 1 680 320 0 0 13333 4682 11047 6803
Match Result: 2 0 0 2 483 517 0 0 11009 11172 7438 7930
Match Result: 2 0 1 0 436 564 0 0 5786 11168 10609 9956
Match Result: 2 0 1 1 553 447 0 0 6819 5714 9027 5917
Match Result: 2 0 1 2 617 383 0 0 8331 6419 12854 4781
Match Result: 2 0 2 0 525 475 0 0 10615 11215 9307 7487
Match Result: 2 0 2 1 514 486 0 0 8763 6998 7670 9233
Match Result: 2 0 2 2 549 451 0 0 9959 8655 10458 7488
Match Result: 2 1 0 0 499 501 0 0 12872 12950 7667 7410
Match Result: 2 1 0 1 643 357 0 0 12531 5066 11242 7699
Match Result: 2 1 0 2 522 478 0 0 11447 10063 8723 7421
Match Result: 2 1 1 0 460 540 0 0 6022 10791 11178 9514
Match Result: 2 1 1 1 512 488 0 0 6296 6072 7802 6381
Match Result: 2 1 1 2 650 350 0 0 8650 5885 13978 4313
Match Result: 2 1 2 0 507 493 0 0 10219 11526 8953 7998
Match Result: 2 1 2 1 468 532 0 0 7697 7454 6430 9959
Match Result: 2 1 2 2 577 423 0 0 10381 7924 10976 6947
