RoundRobin_DeckPlaying

Agents
MPA63
MPA63-2
MPA63-2

Decks
Mage
Warrior
Shaman

Match Results
Match Result: 0 1 0 0 308 692 0 0 7472 16583 4420 11354
Match Result: 0 1 0 1 691 309 0 0 13834 4280 13728 6527
Match Result: 0 1 0 2 453 547 0 0 10308 11897 7828 8130
Match Result: 0 1 1 0 421 579 0 0 5861 11762 10546 8987
Match Result: 0 1 1 1 567 433 0 0 7161 5766 10155 5199
Match Result: 0 1 1 2 619 381 0 0 8495 6538 13927 4406
Match Result: 0 1 2 0 429 571 0 0 8095 12978 8380 8547
Match Result: 0 1 2 1 485 515 0 0 7981 7280 7935 8958
Match Result: 0 1 2 2 491 509 0 0 8892 9582 9781 8211
Match Result: 0 2 0 0 327 673 0 0 7825 15923 4794 9696
Match Result: 0 2 0 1 712 288 0 0 14279 4372 12180 5996
Match Result: 0 2 0 2 425 575 0 0 9527 11926 6683 9099
Match Result: 0 2 1 0 472 528 0 0 6268 10619 11900 8490
Match Result: 0 2 1 1 608 392 0 0 7654 5344 11275 5416
Match Result: 0 2 1 2 630 370 0 0 8638 6465 14377 4327
Match Result: 0 2 2 0 425 575 0 0 7740 12877 8514 8934
Match Result: 0 2 2 1 557 443 0 0 9601 6534 9552 8330
Match Result: 0 2 2 2 469 531 0 0 8433 9984 9254 8887
Match Result: 1 0 0 0 722 278 0 0 16917 6870 11242 3948
Match Result: 1 0 0 1 680 320 0 0 13264 4850 10182 6512
Match Result: 1 0 0 2 633 367 0 0 13609 7019 9985 5960
Match Result: 1 0 1 0 396 604 0 0 5210 12557 9730 12207
Match Result: 1 0 1 1 610 390 0 0 7710 5064 9376 6391
Match Result: 1 0 1 2 638 362 0 0 8618 6282 13028 5294
Match Result: 1 0 2 0 587 413 0 0 11499 9673 10977 6605
Match Result: 1 0 2 1 555 445 0 0 9056 6376 8148 8617
Match Result: 1 0 2 2 653 347 0 0 11566 6571 12236 5764
Match Result: 1 2 0 0 538 462 0 0 13838 12216 8648 6816
Match Result: 1 2 0 1 759 241 0 0 15136 3760 12469 4995
Match Result: 1 2 0 2 530 470 0 0 12419 9891 8085 7874
Match Result: 1 2 1 0 391 609 0 0 5059 12705 10051 12612
Match Result: 1 2 1 1 649 351 0 0 8299 4754 11030 5727
Match Result: 1 2 1 2 584 416 0 0 7874 7416 12743 6161
Match Result: 1 2 2 0 509 491 0 0 10156 11829 9989 8449
Match Result: 1 2 2 1 634 366 0 0 10910 5534 11069 7442
Match Result: 1 2 2 2 580 420 0 0 10740 8454 11305 7524
Match Result: 2 0 0 0 674 326 0 0 15843 7997 10617 4383
Match Result: 2 0 0 1 679 321 0 0 13208 4538 10777 7155
Match Result: 2 0 0 2 657 343 0 0 14274 6748 10612 5575
Match Result: 2 0 1 0 393 607 0 0 5505 12524 9466 10519
Match Result: 2 0 1 1 609 391 0 0 8019 5236 10133 6243
Match Result: 2 0 1 2 655 345 0 0 9333 6390 14954 4872
Match Result: 2 0 2 0 642 358 0 0 12401 8420 12460 5226
Match Result: 2 0 2 1 600 400 0 0 10066 5886 9018 7551
Match Result: 2 0 2 2 732 268 0 0 13076 5119 14254 4590
Match Result: 2 1 0 0 471 529 0 0 12372 14273 6858 7828
Match Result: 2 1 0 1 749 251 0 0 15068 3467 15204 5543
Match Result: 2 1 0 2 599 401 0 0 13894 9232 10858 5999
Match Result: 2 1 1 0 350 650 0 0 4992 13575 8626 10900
Match Result: 2 1 1 1 542 458 0 0 7208 6212 9624 6832
Match Result: 2 1 1 2 577 423 0 0 8117 7826 13596 6074
Match Result: 2 1 2 0 552 448 0 0 10843 10879 10862 6524
Match Result: 2 1 2 1 592 408 0 0 10113 5804 9995 7992
Match Result: 2 1 2 2 618 382 0 0 11548 7750 12891 6178
