RoundRobin_DeckPlaying

Agents
ParametricGreedyAgentLike051
ParametricGreedyAgentLike052
ParametricGreedyAgentLike101
ParametricGreedyAgentLike102
ParametricGreedyAgentLike151
ParametricGreedyAgentLike152

Decks
Mage
Warrior
Shaman

Match Results
Match Result: 0 1 0 0 541 459 0 0 13739 12327 8599 7189
Match Result: 0 1 0 1 753 247 0 0 14605 3578 12540 5202
Match Result: 0 1 0 2 574 426 0 0 12945 9375 9299 6643
Match Result: 0 1 1 0 424 576 0 0 5718 12256 10355 10708
Match Result: 0 1 1 1 611 389 0 0 7683 5050 9496 5619
Match Result: 0 1 1 2 708 292 0 0 9616 5449 14708 4015
Match Result: 0 1 2 0 610 390 0 0 12292 9469 11447 6508
Match Result: 0 1 2 1 644 356 0 0 10659 5016 9525 6752
Match Result: 0 1 2 2 710 290 0 0 12727 5440 12972 4982
Match Result: 0 2 0 0 500 500 0 0 13835 13989 7750 7868
Match Result: 0 2 0 1 712 288 0 0 14391 4247 13607 6116
Match Result: 0 2 0 2 579 421 0 0 13726 10354 10892 6272
Match Result: 0 2 1 0 313 687 0 0 4341 14883 8106 14341
Match Result: 0 2 1 1 577 423 0 0 7579 5736 10313 5949
Match Result: 0 2 1 2 578 422 0 0 8096 7843 12969 6123
Match Result: 0 2 2 0 527 473 0 0 11752 11995 9873 8419
Match Result: 0 2 2 1 605 395 0 0 10455 5726 10509 7560
Match Result: 0 2 2 2 635 365 0 0 12039 7559 12940 5863
Match Result: 0 3 0 0 508 492 0 0 13757 13473 8054 8214
Match Result: 0 3 0 1 775 225 0 0 15756 3422 14349 4665
Match Result: 0 3 0 2 561 439 0 0 13207 10968 9970 6299
Match Result: 0 3 1 0 315 685 0 0 4253 14659 8171 13843
Match Result: 0 3 1 1 570 430 0 0 7514 5890 9605 6125
Match Result: 0 3 1 2 613 387 0 0 8459 7274 14012 5507
Match Result: 0 3 2 0 529 471 0 0 11508 11972 9858 8007
Match Result: 0 3 2 1 609 391 0 0 10761 5708 10195 7600
Match Result: 0 3 2 2 625 375 0 0 11815 7892 12558 5837
Match Result: 0 4 0 0 481 519 0 0 13424 14357 7272 8459
Match Result: 0 4 0 1 754 246 0 0 15129 3608 14470 5346
Match Result: 0 4 0 2 538 462 0 0 12748 11553 9965 6895
Match Result: 0 4 1 0 309 691 0 0 4213 15039 8200 13809
Match Result: 0 4 1 1 604 396 0 0 7910 5466 10148 5559
Match Result: 0 4 1 2 610 390 0 0 8390 7471 13997 5473
Match Result: 0 4 2 0 514 486 0 0 11448 12278 9525 8525
Match Result: 0 4 2 1 581 419 0 0 9859 6112 9481 7691
Match Result: 0 4 2 2 645 355 0 0 12241 7461 12923 5677
Match Result: 0 5 0 0 483 517 0 0 13488 14167 7506 8129
Match Result: 0 5 0 1 715 285 0 0 14345 4352 13236 5619
Match Result: 0 5 0 2 542 458 0 0 12678 10918 9875 6723
Match Result: 0 5 1 0 276 724 0 0 3892 15769 7090 14318
Match Result: 0 5 1 1 582 418 0 0 7684 5794 9881 5981
Match Result: 0 5 1 2 564 436 0 0 7804 8043 12596 5980
Match Result: 0 5 2 0 532 468 0 0 11717 11944 9653 7781
Match Result: 0 5 2 1 563 437 0 0 9587 6284 9634 8549
Match Result: 0 5 2 2 639 361 0 0 12320 7242 11881 5767
Match Result: 1 0 0 0 441 559 0 0 11439 14187 6872 8531
Match Result: 1 0 0 1 742 258 0 0 15013 3804 14074 5606
Match Result: 1 0 0 2 482 518 0 0 11417 11522 8374 8109
Match Result: 1 0 1 0 402 598 0 0 5436 12076 10014 10300
Match Result: 1 0 1 1 551 449 0 0 6891 6060 9892 5741
Match Result: 1 0 1 2 573 427 0 0 7797 7452 12604 5427
Match Result: 1 0 2 0 505 495 0 0 10105 11722 9423 7485
Match Result: 1 0 2 1 549 451 0 0 9669 6612 9172 8389
Match Result: 1 0 2 2 509 491 0 0 8933 9569 9937 7648
Match Result: 1 2 0 0 436 564 0 0 11465 14168 6635 8267
Match Result: 1 2 0 1 629 371 0 0 12587 5456 11583 7857
Match Result: 1 2 0 2 467 533 0 0 10912 11816 7922 7923
Match Result: 1 2 1 0 378 622 0 0 5166 12837 9768 10662
Match Result: 1 2 1 1 545 455 0 0 6937 5976 10017 5487
Match Result: 1 2 1 2 568 432 0 0 7828 7623 12373 5110
Match Result: 1 2 2 0 502 498 0 0 10188 11778 9652 8018
Match Result: 1 2 2 1 533 467 0 0 9223 6834 8713 8263
Match Result: 1 2 2 2 498 502 0 0 9094 9999 9885 7864
Match Result: 1 3 0 0 453 547 0 0 11718 14171 7057 8357
Match Result: 1 3 0 1 648 352 0 0 12950 5238 11754 7163
Match Result: 1 3 0 2 490 510 0 0 11367 11126 8116 7859
Match Result: 1 3 1 0 387 613 0 0 5165 12596 9870 10507
Match Result: 1 3 1 1 547 453 0 0 6855 6036 9827 5742
Match Result: 1 3 1 2 586 414 0 0 7944 7210 13012 4981
Match Result: 1 3 2 0 496 504 0 0 9914 11918 9557 7928
Match Result: 1 3 2 1 489 511 0 0 8440 7512 8355 9279
Match Result: 1 3 2 2 532 468 0 0 9580 9253 10714 7280
Match Result: 1 4 0 0 440 560 0 0 11393 14603 7016 8648
Match Result: 1 4 0 1 647 353 0 0 13039 5168 11675 7301
Match Result: 1 4 0 2 463 537 0 0 10687 11692 7755 8168
Match Result: 1 4 1 0 409 591 0 0 5539 12183 10335 10241
Match Result: 1 4 1 1 575 425 0 0 7207 5634 9825 5150
Match Result: 1 4 1 2 589 411 0 0 7931 7267 13597 4870
Match Result: 1 4 2 0 509 491 0 0 10031 11592 10011 7363
Match Result: 1 4 2 1 494 506 0 0 8340 7364 7658 8802
Match Result: 1 4 2 2 529 471 0 0 9613 9199 10409 7044
Match Result: 1 5 0 0 426 574 0 0 11063 14694 6619 8643
Match Result: 1 5 0 1 630 370 0 0 12675 5430 11338 7513
Match Result: 1 5 0 2 440 560 0 0 10129 12186 7166 8748
Match Result: 1 5 1 0 390 610 0 0 5472 12658 9629 10552
Match Result: 1 5 1 1 516 484 0 0 6518 6420 9327 6136
Match Result: 1 5 1 2 576 424 0 0 7824 7395 12671 5218
Match Result: 1 5 2 0 499 501 0 0 10157 12078 9621 7526
Match Result: 1 5 2 1 516 484 0 0 8686 6982 8533 8733
Match Result: 1 5 2 2 504 496 0 0 9268 9511 9561 8023
Match Result: 2 0 0 0 539 461 0 0 14849 12987 8559 7312
Match Result: 2 0 0 1 827 173 0 0 17350 2570 16896 4051
Match Result: 2 0 0 2 494 506 0 0 12204 12690 9447 7568
Match Result: 2 0 1 0 378 622 0 0 4904 12936 9606 12357
Match Result: 2 0 1 1 616 384 0 0 8152 5546 10253 5971
Match Result: 2 0 1 2 574 426 0 0 7920 7893 13134 6431
Match Result: 2 0 2 0 511 489 0 0 10963 12189 9532 8095
Match Result: 2 0 2 1 657 343 0 0 11591 5064 11349 7116
Match Result: 2 0 2 2 587 413 0 0 11062 8674 11910 6900
Match Result: 2 1 0 0 573 427 0 0 14659 11397 9167 6316
Match Result: 2 1 0 1 725 275 0 0 14450 4140 12215 5918
Match Result: 2 1 0 2 579 421 0 0 13319 9584 9442 6697
Match Result: 2 1 1 0 458 542 0 0 6094 11224 10956 10286
Match Result: 2 1 1 1 651 349 0 0 8281 4774 9916 5258
Match Result: 2 1 1 2 674 326 0 0 9210 5986 14174 4720
Match Result: 2 1 2 0 633 367 0 0 12948 9060 11698 5547
Match Result: 2 1 2 1 616 384 0 0 10353 5550 8851 7134
Match Result: 2 1 2 2 661 339 0 0 12134 6811 12600 5858
Match Result: 2 3 0 0 521 479 0 0 14185 13207 8300 7675
Match Result: 2 3 0 1 778 222 0 0 16368 3364 15051 4988
Match Result: 2 3 0 2 551 449 0 0 13324 11633 10057 6466
Match Result: 2 3 1 0 375 625 0 0 4973 13210 9747 12451
Match Result: 2 3 1 1 614 386 0 0 8210 5462 10530 6011
Match Result: 2 3 1 2 587 413 0 0 8161 7645 13428 6355
Match Result: 2 3 2 0 523 477 0 0 11288 11948 9776 8406
Match Result: 2 3 2 1 635 365 0 0 11247 5360 10734 7408
Match Result: 2 3 2 2 628 372 0 0 12141 7983 12772 6200
Match Result: 2 4 0 0 515 485 0 0 14431 13593 8195 7891
Match Result: 2 4 0 1 765 235 0 0 16031 3480 15406 5465
Match Result: 2 4 0 2 569 431 0 0 13500 10628 10808 6339
Match Result: 2 4 1 0 343 657 0 0 4667 13874 8771 13276
Match Result: 2 4 1 1 581 419 0 0 7725 5928 9558 6158
Match Result: 2 4 1 2 593 407 0 0 8071 7622 13841 6103
Match Result: 2 4 2 0 536 464 0 0 11971 11542 9531 8226
Match Result: 2 4 2 1 602 398 0 0 10345 5802 9906 7531
Match Result: 2 4 2 2 613 387 0 0 11835 8318 12169 6343
Match Result: 2 5 0 0 511 489 0 0 14144 13729 8090 7508
Match Result: 2 5 0 1 748 252 0 0 15516 3742 14684 5729
Match Result: 2 5 0 2 545 455 0 0 12832 10867 9509 7023
Match Result: 2 5 1 0 334 666 0 0 4556 14242 8564 13535
Match Result: 2 5 1 1 599 401 0 0 7911 5680 10086 6256
Match Result: 2 5 1 2 561 439 0 0 7767 8067 12626 6496
Match Result: 2 5 2 0 500 500 0 0 10860 12633 9326 8404
Match Result: 2 5 2 1 598 402 0 0 10546 5858 9952 7903
Match Result: 2 5 2 2 604 396 0 0 11700 8176 11774 6521
Match Result: 3 0 0 0 498 502 0 0 14078 13656 7613 8094
Match Result: 3 0 0 1 850 150 0 0 17337 2258 17167 3452
Match Result: 3 0 0 2 526 474 0 0 12543 11710 10089 7403
Match Result: 3 0 1 0 377 623 0 0 5064 13146 9476 11907
Match Result: 3 0 1 1 579 421 0 0 7681 6018 9509 6227
Match Result: 3 0 1 2 551 449 0 0 7665 8386 12547 6517
Match Result: 3 0 2 0 494 506 0 0 10919 12828 8990 8272
Match Result: 3 0 2 1 625 375 0 0 11111 5658 10928 7141
Match Result: 3 0 2 2 560 440 0 0 10968 9184 10963 7806
Match Result: 3 1 0 0 523 477 0 0 13404 12668 8014 7203
Match Result: 3 1 0 1 729 271 0 0 14231 3994 12512 5930
Match Result: 3 1 0 2 577 423 0 0 13162 9284 9286 6927
Match Result: 3 1 1 0 444 556 0 0 5920 11585 10727 10259
Match Result: 3 1 1 1 638 362 0 0 8050 4754 9590 5414
Match Result: 3 1 1 2 682 318 0 0 9372 5840 14307 4391
Match Result: 3 1 2 0 593 407 0 0 12208 10084 10813 6696
Match Result: 3 1 2 1 602 398 0 0 10016 5622 8450 7812
Match Result: 3 1 2 2 662 338 0 0 12231 6593 12192 5741
Match Result: 3 2 0 0 479 521 0 0 13335 14218 7494 8033
Match Result: 3 2 0 1 770 230 0 0 15738 3338 14922 5177
Match Result: 3 2 0 2 538 462 0 0 12963 11128 9647 6974
Match Result: 3 2 1 0 374 626 0 0 5168 13426 9712 12506
Match Result: 3 2 1 1 596 404 0 0 7912 5718 10645 5805
Match Result: 3 2 1 2 573 427 0 0 7985 8035 13048 5966
Match Result: 3 2 2 0 525 475 0 0 12190 11947 9365 8333
Match Result: 3 2 2 1 639 361 0 0 11335 5268 10740 7061
Match Result: 3 2 2 2 580 420 0 0 11437 9033 11867 6902
Match Result: 3 4 0 0 476 524 0 0 13304 14586 7155 7756
Match Result: 3 4 0 1 747 253 0 0 15268 3702 14914 5860
Match Result: 3 4 0 2 551 449 0 0 13325 11366 10408 6512
Match Result: 3 4 1 0 358 642 0 0 4982 13629 9044 12477
Match Result: 3 4 1 1 591 409 0 0 7687 5750 10005 5718
Match Result: 3 4 1 2 564 436 0 0 7914 8307 13041 6110
Match Result: 3 4 2 0 534 466 0 0 11884 11667 9577 8023
Match Result: 3 4 2 1 579 421 0 0 9955 6104 8983 8084
Match Result: 3 4 2 2 601 399 0 0 11692 8494 11943 6342
Match Result: 3 5 0 0 463 537 0 0 12901 14792 7250 8714
Match Result: 3 5 0 1 735 265 0 0 15047 3892 14324 5951
Match Result: 3 5 0 2 535 465 0 0 12620 10791 9768 7185
Match Result: 3 5 1 0 346 654 0 0 4756 13988 8970 12777
Match Result: 3 5 1 1 611 389 0 0 8103 5448 10563 5700
Match Result: 3 5 1 2 581 419 0 0 8069 7755 12991 5928
Match Result: 3 5 2 0 492 508 0 0 10894 12926 8925 8874
Match Result: 3 5 2 1 576 424 0 0 10092 6140 9531 8412
Match Result: 3 5 2 2 594 406 0 0 11633 8343 11184 6861
Match Result: 4 0 0 0 537 463 0 0 15330 12777 8589 7047
Match Result: 4 0 0 1 827 173 0 0 17133 2666 17249 4069
Match Result: 4 0 0 2 527 473 0 0 12712 11629 9978 7144
Match Result: 4 0 1 0 365 635 0 0 4775 13281 9189 12062
Match Result: 4 0 1 1 621 379 0 0 8055 5274 10022 5417
Match Result: 4 0 1 2 645 355 0 0 8911 6464 13970 4986
Match Result: 4 0 2 0 496 504 0 0 11001 12708 8811 8962
Match Result: 4 0 2 1 635 365 0 0 11361 5380 10983 7447
Match Result: 4 0 2 2 580 420 0 0 11246 8773 11349 6915
Match Result: 4 1 0 0 607 393 0 0 15288 10555 9831 5755
Match Result: 4 1 0 1 717 283 0 0 14115 4282 12335 5991
Match Result: 4 1 0 2 591 409 0 0 13329 8956 9684 6546
Match Result: 4 1 1 0 458 542 0 0 6102 11422 11170 10266
Match Result: 4 1 1 1 628 372 0 0 7826 4844 9579 5265
Match Result: 4 1 1 2 695 305 0 0 9385 5484 13858 3959
Match Result: 4 1 2 0 612 388 0 0 12334 9510 11149 5974
Match Result: 4 1 2 1 610 390 0 0 10195 5489 9052 7570
Match Result: 4 1 2 2 716 284 0 0 13171 5403 13027 5044
Match Result: 4 2 0 0 507 493 0 0 14126 13478 7956 8050
Match Result: 4 2 0 1 745 255 0 0 15412 3874 15288 5613
Match Result: 4 2 0 2 536 464 0 0 12742 11207 9720 7137
Match Result: 4 2 1 0 343 657 0 0 4689 14133 8808 13419
Match Result: 4 2 1 1 563 437 0 0 7425 6034 9634 6268
Match Result: 4 2 1 2 616 384 0 0 8488 6984 13608 5051
Match Result: 4 2 2 0 522 478 0 0 11642 12053 9180 8350
Match Result: 4 2 2 1 599 401 0 0 10508 5874 9996 7951
Match Result: 4 2 2 2 574 426 0 0 11132 9050 11079 7155
Match Result: 4 3 0 0 526 474 0 0 14421 13291 8207 7372
Match Result: 4 3 0 1 763 237 0 0 15661 3592 14375 5454
Match Result: 4 3 0 2 574 426 0 0 13645 10504 10692 6307
Match Result: 4 3 1 0 363 637 0 0 4847 13534 9310 12792
Match Result: 4 3 1 1 611 389 0 0 7899 5386 10223 5480
Match Result: 4 3 1 2 630 370 0 0 8526 6699 13838 4986
Match Result: 4 3 2 0 523 477 0 0 11456 11897 9780 8079
Match Result: 4 3 2 1 612 388 0 0 10821 5702 10372 7789
Match Result: 4 3 2 2 597 403 0 0 11330 8441 11912 6777
Match Result: 4 5 0 0 512 488 0 0 14259 13789 8255 7508
Match Result: 4 5 0 1 758 242 0 0 15507 3548 14858 5568
Match Result: 4 5 0 2 538 462 0 0 12708 10805 9221 6994
Match Result: 4 5 1 0 346 654 0 0 4655 14098 8842 12929
Match Result: 4 5 1 1 612 388 0 0 8012 5328 10122 5481
Match Result: 4 5 1 2 569 431 0 0 7755 7753 12348 5963
Match Result: 4 5 2 0 514 486 0 0 11769 12323 8884 8508
Match Result: 4 5 2 1 565 435 0 0 9669 6248 9162 8501
Match Result: 4 5 2 2 600 400 0 0 11690 8106 11043 6641
Match Result: 5 0 0 0 522 478 0 0 14582 13190 8097 7388
Match Result: 5 0 0 1 826 174 0 0 17304 2653 16852 4000
Match Result: 5 0 0 2 559 441 0 0 13786 11018 10415 6652
Match Result: 5 0 1 0 406 594 0 0 5504 12303 10132 11707
Match Result: 5 0 1 1 602 398 0 0 7822 5614 9916 5915
Match Result: 5 0 1 2 570 430 0 0 7660 7738 13052 6235
Match Result: 5 0 2 0 511 489 0 0 10885 12138 9503 8099
Match Result: 5 0 2 1 643 357 0 0 11467 5428 10793 6866
Match Result: 5 0 2 2 619 381 0 0 11707 8091 12030 5974
Match Result: 5 1 0 0 571 429 0 0 14343 11403 9040 6655
Match Result: 5 1 0 1 744 256 0 0 14852 3928 12626 5247
Match Result: 5 1 0 2 563 437 0 0 13066 9800 9264 6643
Match Result: 5 1 1 0 459 541 0 0 6191 11260 10868 9958
Match Result: 5 1 1 1 640 360 0 0 8032 4790 9981 5589
Match Result: 5 1 1 2 668 332 0 0 9078 5968 13569 4767
Match Result: 5 1 2 0 627 373 0 0 12382 8954 11629 5823
Match Result: 5 1 2 1 597 403 0 0 9836 5808 8197 7664
Match Result: 5 1 2 2 701 299 0 0 12797 5871 12762 4941
Match Result: 5 2 0 0 527 473 0 0 14447 12771 8356 7492
Match Result: 5 2 0 1 768 232 0 0 16007 3412 15387 5318
Match Result: 5 2 0 2 523 477 0 0 12494 11784 9605 7418
Match Result: 5 2 1 0 394 606 0 0 5280 12900 10088 12243
Match Result: 5 2 1 1 608 392 0 0 8072 5522 10614 5782
Match Result: 5 2 1 2 601 399 0 0 8219 7307 13334 5647
Match Result: 5 2 2 0 518 482 0 0 11106 11976 9377 7785
Match Result: 5 2 2 1 625 375 0 0 11023 5608 10563 7207
Match Result: 5 2 2 2 625 375 0 0 11888 7982 12578 6055
Match Result: 5 3 0 0 552 448 0 0 15055 12235 8536 7019
Match Result: 5 3 0 1 783 217 0 0 16359 3418 14983 4706
Match Result: 5 3 0 2 534 466 0 0 13047 11322 9660 7023
Match Result: 5 3 1 0 370 630 0 0 4892 13290 9451 12596
Match Result: 5 3 1 1 607 393 0 0 7941 5418 10206 5903
Match Result: 5 3 1 2 596 404 0 0 8154 7436 13444 5538
Match Result: 5 3 2 0 532 468 0 0 11239 11544 9779 8072
Match Result: 5 3 2 1 634 366 0 0 11151 5408 10776 7215
Match Result: 5 3 2 2 586 414 0 0 10959 8855 12165 6344
Match Result: 5 4 0 0 501 499 0 0 14026 13900 7825 7555
Match Result: 5 4 0 1 804 196 0 0 16743 2922 16038 4326
Match Result: 5 4 0 2 560 440 0 0 13532 10818 10098 6591
Match Result: 5 4 1 0 377 623 0 0 5123 13111 9524 12903
Match Result: 5 4 1 1 618 382 0 0 8034 5272 10250 5468
Match Result: 5 4 1 2 608 392 0 0 8288 7084 13749 5612
Match Result: 5 4 2 0 538 462 0 0 11146 11567 10150 7439
Match Result: 5 4 2 1 570 430 0 0 9814 6342 8995 8229
Match Result: 5 4 2 2 621 379 0 0 11581 7865 12470 5662
