RoundRobin_DeckPlaying

Agents
MPA21Depth-best-coev-1
MPA21Depth-best-shade-like-2
MPA21Depth-best-shade-pure-3

Decks
Mage
Warrior
Shaman

Match Results
Match Result: 0 1 0 0 527 473 0 0 14288 12558 8000 6764
Match Result: 0 1 0 1 727 273 0 0 14862 3934 13321 6132
Match Result: 0 1 0 2 612 388 0 0 14611 9101 11629 6357
Match Result: 0 1 1 0 345 655 0 0 4749 13967 8719 11849
Match Result: 0 1 1 1 599 401 0 0 7695 5416 9245 5499
Match Result: 0 1 1 2 610 390 0 0 8508 7268 12965 4980
Match Result: 0 1 2 0 449 551 0 0 9208 13288 8443 9513
Match Result: 0 1 2 1 487 513 0 0 8015 7298 6804 9547
Match Result: 0 1 2 2 562 438 0 0 10840 8653 10361 7480
Match Result: 0 2 0 0 494 506 0 0 13438 13254 7582 7646
Match Result: 0 2 0 1 759 241 0 0 15876 3464 15155 5830
Match Result: 0 2 0 2 520 480 0 0 12941 11388 9853 7832
Match Result: 0 2 1 0 357 643 0 0 4873 13620 9027 11509
Match Result: 0 2 1 1 565 435 0 0 7441 5982 9129 6293
Match Result: 0 2 1 2 587 413 0 0 8315 7678 12490 5631
Match Result: 0 2 2 0 399 601 0 0 8526 14706 7554 10501
Match Result: 0 2 2 1 507 493 0 0 9048 7292 7880 9499
Match Result: 0 2 2 2 523 477 0 0 10502 9909 10198 8835
Match Result: 1 0 0 0 549 451 0 0 13916 12420 9114 6169
Match Result: 1 0 0 1 753 247 0 0 15511 3700 13486 5517
Match Result: 1 0 0 2 677 323 0 0 15425 7279 12626 4868
Match Result: 1 0 1 0 403 597 0 0 5479 12532 10325 11029
Match Result: 1 0 1 1 591 409 0 0 7465 5540 9704 5122
Match Result: 1 0 1 2 701 299 0 0 9351 5145 15064 3652
Match Result: 1 0 2 0 472 528 0 0 9662 13398 9679 9146
Match Result: 1 0 2 1 554 446 0 0 9873 6588 8450 8323
Match Result: 1 0 2 2 635 365 0 0 11607 7485 12637 5652
Match Result: 1 2 0 0 525 475 0 0 13626 12736 7946 7066
Match Result: 1 2 0 1 785 215 0 0 16239 3182 15177 5014
Match Result: 1 2 0 2 602 398 0 0 14240 8678 10932 6679
Match Result: 1 2 1 0 397 603 0 0 5309 12473 10098 10846
Match Result: 1 2 1 1 566 434 0 0 7172 5798 8985 5776
Match Result: 1 2 1 2 606 394 0 0 8268 6858 12808 4850
Match Result: 1 2 2 0 401 599 0 0 7970 14566 8009 10048
Match Result: 1 2 2 1 539 461 0 0 9574 6952 8546 8773
Match Result: 1 2 2 2 543 457 0 0 10279 9126 10664 7826
Match Result: 2 0 0 0 573 427 0 0 14314 11897 8872 6106
Match Result: 2 0 0 1 766 234 0 0 15656 3650 14428 4839
Match Result: 2 0 0 2 689 311 0 0 15914 7596 12925 4723
Match Result: 2 0 1 0 383 617 0 0 5211 13306 9951 12099
Match Result: 2 0 1 1 629 371 0 0 8035 5220 10765 4857
Match Result: 2 0 1 2 646 354 0 0 8852 6696 14813 4970
Match Result: 2 0 2 0 514 486 0 0 10685 12458 10466 8266
Match Result: 2 0 2 1 625 375 0 0 10992 5666 9927 6909
Match Result: 2 0 2 2 686 314 0 0 12916 6860 14442 5033
Match Result: 2 1 0 0 557 443 0 0 14510 11996 8821 6566
Match Result: 2 1 0 1 743 257 0 0 14813 3782 13186 5746
Match Result: 2 1 0 2 682 318 0 0 15603 7174 12479 5157
Match Result: 2 1 1 0 382 618 0 0 5108 13269 9989 11702
Match Result: 2 1 1 1 654 346 0 0 8318 4614 10400 4616
Match Result: 2 1 1 2 638 362 0 0 8898 6775 13849 4649
Match Result: 2 1 2 0 460 540 0 0 9320 13319 8982 8898
Match Result: 2 1 2 1 556 444 0 0 9086 6386 8477 8242
Match Result: 2 1 2 2 654 346 0 0 12248 6995 12699 5467
