RoundRobin_DeckPlaying

Agents
MPA63-best-coev-1
MPA63-best-shade-like-2
MPA63-best-shade-pure-3

Decks
Mage
Warrior
Shaman

Match Results
Match Result: 0 1 0 0 540 460 0 0 13922 13127 8876 7102
Match Result: 0 1 0 1 717 283 0 0 14353 4318 11618 6033
Match Result: 0 1 0 2 513 487 0 0 11950 10440 8288 8063
Match Result: 0 1 1 0 380 620 0 0 4936 12937 9735 12834
Match Result: 0 1 1 1 561 439 0 0 7241 5806 9183 7041
Match Result: 0 1 1 2 500 500 0 0 6914 8692 10461 7490
Match Result: 0 1 2 0 490 510 0 0 10206 12366 9223 8768
Match Result: 0 1 2 1 569 431 0 0 9718 6232 8993 8606
Match Result: 0 1 2 2 563 437 0 0 10599 8688 10680 7846
Match Result: 0 2 0 0 570 430 0 0 14319 11974 8952 6662
Match Result: 0 2 0 1 725 275 0 0 14437 4172 12238 5850
Match Result: 0 2 0 2 536 464 0 0 12370 9635 8317 7841
Match Result: 0 2 1 0 329 671 0 0 4237 14154 8329 14216
Match Result: 0 2 1 1 595 405 0 0 7567 5382 9783 6640
Match Result: 0 2 1 2 543 457 0 0 7417 7957 11601 7077
Match Result: 0 2 2 0 500 500 0 0 10481 12155 9260 8469
Match Result: 0 2 2 1 620 380 0 0 10591 5650 9946 7556
Match Result: 0 2 2 2 558 442 0 0 10234 8615 10827 7811
Match Result: 1 0 0 0 475 525 0 0 13474 13649 7415 8613
Match Result: 1 0 0 1 760 240 0 0 15313 3496 15334 5178
Match Result: 1 0 0 2 535 465 0 0 12772 10799 9692 7017
Match Result: 1 0 1 0 407 593 0 0 5667 12360 10072 9790
Match Result: 1 0 1 1 640 360 0 0 8218 4838 11528 4984
Match Result: 1 0 1 2 630 370 0 0 8756 6726 14244 4984
Match Result: 1 0 2 0 544 456 0 0 10665 11237 10904 7063
Match Result: 1 0 2 1 616 384 0 0 10361 5586 10605 7164
Match Result: 1 0 2 2 643 357 0 0 11753 7296 13642 5945
Match Result: 1 2 0 0 504 496 0 0 12931 12908 7361 7496
Match Result: 1 2 0 1 723 277 0 0 14153 4252 11869 5582
Match Result: 1 2 0 2 527 473 0 0 11780 10247 8033 7204
Match Result: 1 2 1 0 399 601 0 0 5391 12440 9882 10544
Match Result: 1 2 1 1 657 343 0 0 8353 4624 11117 4641
Match Result: 1 2 1 2 616 384 0 0 8540 6840 13905 5264
Match Result: 1 2 2 0 554 446 0 0 11153 10838 10681 6925
Match Result: 1 2 2 1 612 388 0 0 10292 5734 10102 7259
Match Result: 1 2 2 2 611 389 0 0 11345 7654 12103 6638
Match Result: 2 0 0 0 423 577 0 0 11457 14982 6449 9073
Match Result: 2 0 0 1 742 258 0 0 14988 3620 14994 5920
Match Result: 2 0 0 2 540 460 0 0 12825 10244 9852 7350
Match Result: 2 0 1 0 389 611 0 0 5551 12634 9589 9937
Match Result: 2 0 1 1 554 446 0 0 7038 6006 10133 5866
Match Result: 2 0 1 2 600 400 0 0 8292 7177 13653 5296
Match Result: 2 0 2 0 533 467 0 0 10468 11276 10436 6902
Match Result: 2 0 2 1 583 417 0 0 9722 5982 9872 7878
Match Result: 2 0 2 2 626 374 0 0 11658 7709 13183 5942
Match Result: 2 1 0 0 505 495 0 0 12903 12682 7800 7321
Match Result: 2 1 0 1 721 279 0 0 14424 4150 12292 6198
Match Result: 2 1 0 2 536 464 0 0 12352 10299 9038 7189
Match Result: 2 1 1 0 366 634 0 0 5102 12882 9002 10512
Match Result: 2 1 1 1 569 431 0 0 7401 5778 9327 6152
Match Result: 2 1 1 2 556 444 0 0 7878 7991 12029 6241
Match Result: 2 1 2 0 553 447 0 0 10614 10641 10885 6764
Match Result: 2 1 2 1 562 438 0 0 9433 6486 9014 8220
Match Result: 2 1 2 2 576 424 0 0 10637 8356 11157 7193
