RoundRobin_DeckPlaying

Agents
MPA28Norm-best-coev-1
MPA28Norm-best-shade-like-2
MPA28Norm-best-shade-pure-3

Decks
Mage
Warrior
Shaman

Match Results
Match Result: 0 1 0 0 516 484 0 0 13224 13040 7653 7048
Match Result: 0 1 0 1 703 297 0 0 14135 4224 13220 6723
Match Result: 0 1 0 2 577 423 0 0 13715 9776 9861 6528
Match Result: 0 1 1 0 336 664 0 0 4562 14149 8687 13430
Match Result: 0 1 1 1 607 393 0 0 7879 5374 10491 5525
Match Result: 0 1 1 2 604 396 0 0 8032 7308 14433 5344
Match Result: 0 1 2 0 473 527 0 0 10390 13037 8456 8984
Match Result: 0 1 2 1 641 359 0 0 11021 5194 10106 7212
Match Result: 0 1 2 2 631 369 0 0 12251 8302 12783 5810
Match Result: 0 2 0 0 434 566 0 0 11398 15116 6486 8617
Match Result: 0 2 0 1 759 241 0 0 15306 3690 14222 4895
Match Result: 0 2 0 2 633 367 0 0 14579 8948 11436 4918
Match Result: 0 2 1 0 413 587 0 0 5284 12444 11599 12330
Match Result: 0 2 1 1 671 329 0 0 8677 4682 13717 4312
Match Result: 0 2 1 2 649 351 0 0 8681 6656 15843 4615
Match Result: 0 2 2 0 446 554 0 0 9315 14024 8669 9872
Match Result: 0 2 2 1 662 338 0 0 11560 5086 12056 6579
Match Result: 0 2 2 2 699 301 0 0 13317 7078 15208 4383
Match Result: 1 0 0 0 538 462 0 0 13984 11901 8283 7129
Match Result: 1 0 0 1 795 205 0 0 16398 3161 15758 4552
Match Result: 1 0 0 2 611 389 0 0 14652 9558 11195 5498
Match Result: 1 0 1 0 437 563 0 0 5729 11712 10922 11057
Match Result: 1 0 1 1 632 368 0 0 8202 5066 11042 5546
Match Result: 1 0 1 2 597 403 0 0 8159 7295 13242 5344
Match Result: 1 0 2 0 522 478 0 0 10984 11783 9497 7924
Match Result: 1 0 2 1 638 362 0 0 11305 5250 10687 7574
Match Result: 1 0 2 2 568 432 0 0 11548 9329 10892 6849
Match Result: 1 2 0 0 453 547 0 0 12157 13969 6899 8622
Match Result: 1 2 0 1 811 189 0 0 16716 3002 15612 3912
Match Result: 1 2 0 2 603 397 0 0 14149 9835 10914 5364
Match Result: 1 2 1 0 422 578 0 0 5302 12184 11914 11854
Match Result: 1 2 1 1 630 370 0 0 8246 5394 12707 5138
Match Result: 1 2 1 2 664 336 0 0 8872 6287 16324 4192
Match Result: 1 2 2 0 444 556 0 0 9681 14029 8197 9623
Match Result: 1 2 2 1 691 309 0 0 12372 4672 12507 6156
Match Result: 1 2 2 2 672 328 0 0 13047 7671 14536 4998
Match Result: 2 0 0 0 626 374 0 0 16320 10349 9912 5166
Match Result: 2 0 0 1 818 182 0 0 16895 2794 17257 4292
Match Result: 2 0 0 2 684 316 0 0 16562 7501 12766 4940
Match Result: 2 0 1 0 416 584 0 0 5482 12093 10611 11279
Match Result: 2 0 1 1 617 383 0 0 8135 5478 10666 6222
Match Result: 2 0 1 2 516 484 0 0 7216 9022 11457 7462
Match Result: 2 0 2 0 525 475 0 0 11277 11789 9555 8191
Match Result: 2 0 2 1 606 394 0 0 11043 5702 9710 8396
Match Result: 2 0 2 2 525 475 0 0 10828 10340 10021 7848
Match Result: 2 1 0 0 576 424 0 0 15107 11812 8531 5936
Match Result: 2 1 0 1 786 214 0 0 16087 3236 15856 4923
Match Result: 2 1 0 2 651 349 0 0 15646 8432 11984 5180
Match Result: 2 1 1 0 328 672 0 0 4500 14300 8435 13365
Match Result: 2 1 1 1 629 371 0 0 8347 5236 10945 6035
Match Result: 2 1 1 2 537 463 0 0 7477 8870 12510 6840
Match Result: 2 1 2 0 532 468 0 0 12128 11831 9006 7947
Match Result: 2 1 2 1 619 381 0 0 10914 5486 9508 7923
Match Result: 2 1 2 2 598 402 0 0 12148 8999 12090 6519
