RoundRobin_DeckPlaying

Agents
ParametricShadePure-1
ParametricShadePure-2
ParametricShadePure-3

Decks
Mage
Warrior
Shaman

Match Results
Match Result: 0 1 0 0 243 257 0 0 6718 7295 3621 3928
Match Result: 0 1 0 1 382 118 0 0 7609 1688 7024 2584
Match Result: 0 1 0 2 281 219 0 0 6459 5192 5207 3256
Match Result: 0 1 1 0 165 335 0 0 2307 7129 4217 6506
Match Result: 0 1 1 1 302 198 0 0 3864 2624 5318 2636
Match Result: 0 1 1 2 312 188 0 0 4228 3379 7205 2414
Match Result: 0 1 2 0 277 223 0 0 5950 5500 4934 3804
Match Result: 0 1 2 1 308 192 0 0 5092 2774 4991 3542
Match Result: 0 1 2 2 298 202 0 0 5502 4214 5885 2867
Match Result: 0 2 0 0 266 234 0 0 7374 6543 4128 3574
Match Result: 0 2 0 1 405 95 0 0 8273 1450 7695 2038
Match Result: 0 2 0 2 280 220 0 0 6478 5153 5078 3346
Match Result: 0 2 1 0 198 302 0 0 2756 6413 5055 5825
Match Result: 0 2 1 1 287 213 0 0 3755 2940 4868 2949
Match Result: 0 2 1 2 314 186 0 0 4314 3314 7168 2478
Match Result: 0 2 2 0 288 212 0 0 6044 5445 5666 3722
Match Result: 0 2 2 1 348 152 0 0 6133 2280 6205 2934
Match Result: 0 2 2 2 313 187 0 0 5922 3865 6412 3166
Match Result: 1 0 0 0 242 258 0 0 6493 7204 3777 3857
Match Result: 1 0 0 1 369 131 0 0 7582 1954 7237 3088
Match Result: 1 0 0 2 271 229 0 0 6453 5418 4770 3304
Match Result: 1 0 1 0 205 295 0 0 2769 6090 4988 5561
Match Result: 1 0 1 1 309 191 0 0 4051 2584 4778 2923
Match Result: 1 0 1 2 307 193 0 0 4241 3472 6503 2506
Match Result: 1 0 2 0 246 254 0 0 5218 6259 4353 4244
Match Result: 1 0 2 1 290 210 0 0 4980 3102 4423 4120
Match Result: 1 0 2 2 287 213 0 0 5369 4333 5670 3413
Match Result: 1 2 0 0 269 231 0 0 7404 6421 4243 3758
Match Result: 1 2 0 1 409 91 0 0 8482 1372 8310 2063
Match Result: 1 2 0 2 282 218 0 0 6760 5081 5027 3359
Match Result: 1 2 1 0 194 306 0 0 2654 6572 5000 5724
Match Result: 1 2 1 1 305 195 0 0 4133 2782 5000 2982
Match Result: 1 2 1 2 309 191 0 0 4333 3629 7064 2631
Match Result: 1 2 2 0 269 231 0 0 5848 5935 5302 3985
Match Result: 1 2 2 1 306 194 0 0 5575 2904 5220 3845
Match Result: 1 2 2 2 307 193 0 0 5919 4086 6417 3271
Match Result: 2 0 0 0 247 253 0 0 6768 6849 3960 3926
Match Result: 2 0 0 1 384 116 0 0 7950 1778 7261 2525
Match Result: 2 0 0 2 230 270 0 0 5643 6712 4269 4200
Match Result: 2 0 1 0 172 328 0 0 2356 6974 4356 6214
Match Result: 2 0 1 1 334 166 0 0 4380 2302 5873 2504
Match Result: 2 0 1 2 269 231 0 0 3759 4254 6043 3412
Match Result: 2 0 2 0 242 258 0 0 5007 6341 4558 4333
Match Result: 2 0 2 1 299 201 0 0 5246 3032 4904 3924
Match Result: 2 0 2 2 288 212 0 0 5696 4316 5320 3710
Match Result: 2 1 0 0 257 243 0 0 7204 6610 4002 3654
Match Result: 2 1 0 1 371 129 0 0 7596 2018 6942 2845
Match Result: 2 1 0 2 230 270 0 0 5590 6690 4240 4149
Match Result: 2 1 1 0 141 359 0 0 1929 7878 3771 7166
Match Result: 2 1 1 1 298 202 0 0 4082 2854 5214 2878
Match Result: 2 1 1 2 292 208 0 0 4050 3959 6820 2973
Match Result: 2 1 2 0 251 249 0 0 5511 6152 4391 4107
Match Result: 2 1 2 1 313 187 0 0 5538 2804 5116 3798
Match Result: 2 1 2 2 282 218 0 0 5395 4668 5660 3625
