RoundRobin_DeckPlaying

Agents
MPA28Norm-1
MPA28Norm-2
MPA28Norm-3

Decks
Mage
Warrior
Shaman

Match Results
Match Result: 0 1 0 0 584 416 0 0 15000 11709 9874 5880
Match Result: 0 1 0 1 781 219 0 0 15927 3268 15212 4939
Match Result: 0 1 0 2 627 373 0 0 15183 9088 11475 5405
Match Result: 0 1 1 0 368 632 0 0 5088 13261 9252 13083
Match Result: 0 1 1 1 580 420 0 0 7666 5966 10312 6831
Match Result: 0 1 1 2 498 502 0 0 6770 9296 11576 7203
Match Result: 0 1 2 0 543 457 0 0 12065 11356 9174 7649
Match Result: 0 1 2 1 630 370 0 0 11144 5318 9857 7847
Match Result: 0 1 2 2 649 351 0 0 13173 7676 12995 5854
Match Result: 0 2 0 0 620 380 0 0 15817 10656 9758 5361
Match Result: 0 2 0 1 792 208 0 0 16071 3068 16008 4836
Match Result: 0 2 0 2 687 313 0 0 16440 7480 12789 4750
Match Result: 0 2 1 0 394 606 0 0 5284 12758 10404 12288
Match Result: 0 2 1 1 571 429 0 0 7699 6280 10859 6929
Match Result: 0 2 1 2 551 449 0 0 7473 8467 13283 6309
Match Result: 0 2 2 0 530 470 0 0 11884 11742 9206 7908
Match Result: 0 2 2 1 694 306 0 0 12570 4534 11850 6506
Match Result: 0 2 2 2 647 353 0 0 13083 8176 13634 5694
Match Result: 1 0 0 0 435 565 0 0 11340 14774 6735 8629
Match Result: 1 0 0 1 789 211 0 0 16017 3365 15346 4395
Match Result: 1 0 0 2 586 414 0 0 13565 10077 10760 5616
Match Result: 1 0 1 0 393 607 0 0 5150 12637 10553 12134
Match Result: 1 0 1 1 666 334 0 0 8600 4878 13091 4443
Match Result: 1 0 1 2 649 351 0 0 8775 6558 15686 4332
Match Result: 1 0 2 0 494 506 0 0 10387 12688 9261 8590
Match Result: 1 0 2 1 690 310 0 0 12208 4578 12355 6164
Match Result: 1 0 2 2 632 368 0 0 12308 8499 13611 5693
Match Result: 1 2 0 0 487 513 0 0 12732 14021 7478 7697
Match Result: 1 2 0 1 738 262 0 0 14933 3976 14418 5860
Match Result: 1 2 0 2 576 424 0 0 13721 10281 10221 6069
Match Result: 1 2 1 0 382 618 0 0 5248 13204 9943 12271
Match Result: 1 2 1 1 620 380 0 0 8076 5364 11949 5263
Match Result: 1 2 1 2 644 356 0 0 8728 6493 15201 4324
Match Result: 1 2 2 0 533 467 0 0 11138 11670 9737 7524
Match Result: 1 2 2 1 661 339 0 0 11731 5130 11278 6421
Match Result: 1 2 2 2 642 358 0 0 12813 8029 13180 5646
Match Result: 2 0 0 0 438 562 0 0 11659 14431 6583 8987
Match Result: 2 0 0 1 786 214 0 0 16131 3330 15347 4653
Match Result: 2 0 0 2 580 420 0 0 13585 10182 10478 5912
Match Result: 2 0 1 0 393 607 0 0 4961 12764 10781 12369
Match Result: 2 0 1 1 657 343 0 0 8795 5106 12910 5504
Match Result: 2 0 1 2 604 396 0 0 8018 7559 15287 5456
Match Result: 2 0 2 0 471 529 0 0 9820 13310 8801 9609
Match Result: 2 0 2 1 656 344 0 0 11697 5118 11458 7247
Match Result: 2 0 2 2 595 405 0 0 12077 9570 12731 6392
Match Result: 2 1 0 0 497 503 0 0 13294 13104 7698 7647
Match Result: 2 1 0 1 748 252 0 0 15354 3798 14374 5770
Match Result: 2 1 0 2 546 454 0 0 13048 10829 9674 6740
Match Result: 2 1 1 0 348 652 0 0 4812 13568 8942 13285
Match Result: 2 1 1 1 596 404 0 0 7950 5740 10294 6947
Match Result: 2 1 1 2 524 476 0 0 7220 8831 12601 6954
Match Result: 2 1 2 0 471 529 0 0 10656 13102 7951 9466
Match Result: 2 1 2 1 608 392 0 0 10727 5678 9231 8193
Match Result: 2 1 2 2 595 405 0 0 12013 9073 11786 6804
