RoundRobin_DeckPlaying

Agents
ParametricBase-best-coev-1
ParametricBase-best-shade-like-2
ParametricBase-best-shade-pure-3

Decks
Mage
Warrior
Shaman

Match Results
Match Result: 0 1 0 0 484 516 0 0 13546 14483 7607 8500
Match Result: 0 1 0 1 758 242 0 0 15787 3668 15399 5675
Match Result: 0 1 0 2 490 510 0 0 11981 12870 9311 8155
Match Result: 0 1 1 0 316 684 0 0 4327 14867 8204 13810
Match Result: 0 1 1 1 628 372 0 0 8956 5540 10961 6127
Match Result: 0 1 1 2 465 535 0 0 6683 10720 10741 8789
Match Result: 0 1 2 0 522 478 0 0 11148 12090 9921 8181
Match Result: 0 1 2 1 610 390 0 0 10913 5824 10159 7839
Match Result: 0 1 2 2 602 398 0 0 12268 8482 11979 6767
Match Result: 0 2 0 0 479 521 0 0 13422 13972 7500 8134
Match Result: 0 2 0 1 793 207 0 0 16711 3200 15332 4697
Match Result: 0 2 0 2 494 506 0 0 12436 12812 9515 7999
Match Result: 0 2 1 0 343 657 0 0 4776 14178 8577 12890
Match Result: 0 2 1 1 646 354 0 0 8800 5156 11301 5870
Match Result: 0 2 1 2 507 493 0 0 7195 9705 12109 8348
Match Result: 0 2 2 0 516 484 0 0 11093 11840 9486 7912
Match Result: 0 2 2 1 657 343 0 0 11487 5152 11328 7046
Match Result: 0 2 2 2 645 355 0 0 12666 7810 13451 5875
Match Result: 1 0 0 0 542 458 0 0 14683 12715 8993 7373
Match Result: 1 0 0 1 821 179 0 0 17647 2800 16594 3865
Match Result: 1 0 0 2 557 443 0 0 13554 10721 10043 6634
Match Result: 1 0 1 0 339 661 0 0 4467 14078 8920 13811
Match Result: 1 0 1 1 564 436 0 0 7690 6518 10463 6595
Match Result: 1 0 1 2 575 425 0 0 7993 7946 13372 6350
Match Result: 1 0 2 0 551 449 0 0 11943 11575 10806 7910
Match Result: 1 0 2 1 693 307 0 0 13054 4718 13399 6396
Match Result: 1 0 2 2 600 400 0 0 11938 8830 12003 6566
Match Result: 1 2 0 0 489 511 0 0 13276 13973 7566 8130
Match Result: 1 2 0 1 787 213 0 0 16343 3292 14814 4685
Match Result: 1 2 0 2 546 454 0 0 13234 11101 10011 6713
Match Result: 1 2 1 0 404 596 0 0 5406 12348 9720 11844
Match Result: 1 2 1 1 646 354 0 0 8354 4880 10583 5365
Match Result: 1 2 1 2 628 372 0 0 8550 6709 13780 5336
Match Result: 1 2 2 0 516 484 0 0 10577 11710 9635 7829
Match Result: 1 2 2 1 607 393 0 0 10414 5824 9571 7318
Match Result: 1 2 2 2 632 368 0 0 11781 7527 11904 5880
Match Result: 2 0 0 0 513 487 0 0 14040 13449 8202 7583
Match Result: 2 0 0 1 778 222 0 0 16010 3466 15036 4676
Match Result: 2 0 0 2 545 455 0 0 12844 10660 9457 6782
Match Result: 2 0 1 0 359 641 0 0 5017 13732 9108 12604
Match Result: 2 0 1 1 506 494 0 0 6900 7242 9427 6764
Match Result: 2 0 1 2 547 453 0 0 7605 8257 12690 6034
Match Result: 2 0 2 0 551 449 0 0 12607 11618 10598 8403
Match Result: 2 0 2 1 676 324 0 0 12681 5070 13307 6195
Match Result: 2 0 2 2 574 426 0 0 11279 9127 11889 7219
Match Result: 2 1 0 0 504 496 0 0 13779 13379 7904 7744
Match Result: 2 1 0 1 703 297 0 0 14166 4362 12900 6334
Match Result: 2 1 0 2 538 462 0 0 12266 10494 9107 6904
Match Result: 2 1 1 0 346 654 0 0 4868 13994 8669 12737
Match Result: 2 1 1 1 564 436 0 0 7294 5890 9717 5844
Match Result: 2 1 1 2 577 423 0 0 7843 7436 12719 5547
Match Result: 2 1 2 0 513 487 0 0 11539 12251 9216 8542
Match Result: 2 1 2 1 567 433 0 0 9657 6270 9496 7884
Match Result: 2 1 2 2 604 396 0 0 11440 7900 11388 6559
