RoundRobin_DeckPlaying

Agents
ParametricShadePure-1
ParametricShadePure-2
ParametricShadePure-3

Decks
Mage
Warrior
Shaman

Match Results
Match Result: 0 1 0 0 508 492 0 0 13824 13379 7847 7793
Match Result: 0 1 0 1 740 260 0 0 14663 3758 13866 5589
Match Result: 0 1 0 2 578 422 0 0 13454 10386 10183 6416
Match Result: 0 1 1 0 364 636 0 0 4978 13575 9599 12190
Match Result: 0 1 1 1 637 363 0 0 8203 4930 11022 4811
Match Result: 0 1 1 2 612 388 0 0 8266 7043 14009 4931
Match Result: 0 1 2 0 534 466 0 0 11601 11528 9714 7741
Match Result: 0 1 2 1 576 424 0 0 9649 6102 9511 7716
Match Result: 0 1 2 2 633 367 0 0 11769 7562 12441 5713
Match Result: 0 2 0 0 510 490 0 0 13947 13622 8084 7650
Match Result: 0 2 0 1 786 214 0 0 16019 3160 15600 4564
Match Result: 0 2 0 2 572 428 0 0 13393 10028 10111 6538
Match Result: 0 2 1 0 389 611 0 0 5397 13078 9886 11933
Match Result: 0 2 1 1 576 424 0 0 7478 5772 9761 5929
Match Result: 0 2 1 2 600 400 0 0 8242 7358 13788 5350
Match Result: 0 2 2 0 591 409 0 0 13199 10536 11280 7172
Match Result: 0 2 2 1 687 313 0 0 12247 4712 12205 6273
Match Result: 0 2 2 2 650 350 0 0 12219 7201 13544 5965
Match Result: 1 0 0 0 516 484 0 0 13932 13392 7603 7289
Match Result: 1 0 0 1 749 251 0 0 15422 3796 13931 5635
Match Result: 1 0 0 2 530 470 0 0 12592 11167 9429 7161
Match Result: 1 0 1 0 413 587 0 0 5529 12254 10215 10555
Match Result: 1 0 1 1 595 405 0 0 7643 5524 9206 5931
Match Result: 1 0 1 2 616 384 0 0 8392 6768 13395 5266
Match Result: 1 0 2 0 509 491 0 0 11121 12066 9121 8459
Match Result: 1 0 2 1 593 407 0 0 10262 5982 8969 7940
Match Result: 1 0 2 2 579 421 0 0 10918 8466 11246 6931
Match Result: 1 2 0 0 531 469 0 0 14322 13276 8550 7160
Match Result: 1 2 0 1 805 195 0 0 16769 2972 16316 4348
Match Result: 1 2 0 2 581 419 0 0 13782 10371 10782 5938
Match Result: 1 2 1 0 378 622 0 0 5160 13376 9637 11811
Match Result: 1 2 1 1 585 415 0 0 7811 6016 9720 6181
Match Result: 1 2 1 2 628 372 0 0 8756 6945 14155 4639
Match Result: 1 2 2 0 542 458 0 0 12121 11582 10422 7676
Match Result: 1 2 2 1 625 375 0 0 11391 5650 10746 7686
Match Result: 1 2 2 2 607 393 0 0 11648 8443 12432 6522
Match Result: 2 0 0 0 517 483 0 0 14279 12844 7896 7729
Match Result: 2 0 0 1 738 262 0 0 15277 4014 13958 5675
Match Result: 2 0 0 2 480 520 0 0 11784 12549 8658 8112
Match Result: 2 0 1 0 313 687 0 0 4195 14598 7833 13740
Match Result: 2 0 1 1 601 399 0 0 7803 5400 10402 5768
Match Result: 2 0 1 2 541 459 0 0 7563 8683 12218 6767
Match Result: 2 0 2 0 511 489 0 0 10710 11962 9440 8640
Match Result: 2 0 2 1 581 419 0 0 10218 6252 9557 8364
Match Result: 2 0 2 2 563 437 0 0 10938 9076 10877 7457
Match Result: 2 1 0 0 510 490 0 0 14136 13758 8301 7684
Match Result: 2 1 0 1 750 250 0 0 15462 3856 14181 5461
Match Result: 2 1 0 2 514 486 0 0 12475 12061 9084 7408
Match Result: 2 1 1 0 347 653 0 0 4667 14042 9107 13296
Match Result: 2 1 1 1 615 385 0 0 8379 5414 10298 5271
Match Result: 2 1 1 2 538 462 0 0 7474 8798 12649 6785
Match Result: 2 1 2 0 507 493 0 0 10971 12340 9480 8272
Match Result: 2 1 2 1 594 406 0 0 10527 6022 9281 7862
Match Result: 2 1 2 2 601 399 0 0 11681 8524 11952 7044
