RoundRobin_DeckPlaying

Agents
MPA21Depth-best-shade-pure-3
MyAgentSebastianMiller2Naive

Decks
Mage
Warrior
Shaman

Match Results
Match Result: 0 1 0 0 456 544 0 0 12338 15421 7351 8597
Match Result: 0 1 0 1 797 203 0 0 16904 3007 16929 4815
Match Result: 0 1 0 2 582 418 0 0 14012 9713 11297 7044
Match Result: 0 1 1 0 330 670 0 0 4652 14727 8758 14576
Match Result: 0 1 1 1 493 507 0 0 7065 7678 9603 6952
Match Result: 0 1 1 2 531 469 0 0 7491 9097 12515 6980
Match Result: 0 1 2 0 468 532 0 0 10483 13875 9666 10852
Match Result: 0 1 2 1 591 409 0 0 11733 6118 11410 8544
Match Result: 0 1 2 2 542 458 0 0 10950 10071 11951 8189
Match Result: 1 0 0 0 611 389 0 0 17046 10869 9834 6063
Match Result: 1 0 0 1 793 207 0 0 17070 3042 17405 5179
Match Result: 1 0 0 2 607 393 0 0 15146 9949 12715 6888
Match Result: 1 0 1 0 339 661 0 0 4535 14376 9077 13819
Match Result: 1 0 1 1 643 357 0 0 8799 5696 11167 5886
Match Result: 1 0 1 2 554 446 0 0 7752 9240 13211 7571
Match Result: 1 0 2 0 480 520 0 0 9869 13016 9576 10033
Match Result: 1 0 2 1 631 369 0 0 11579 5528 10846 7860
Match Result: 1 0 2 2 607 393 0 0 12316 8726 12524 7343
