RoundRobin_DeckPlaying

Agents
ParametricBase-best-shade-like-2
MPA63-best-shade-like-2
MPA63Smooth-best-shade-like-2
MPA28-best-shade-like-2
MPA28Norm-best-shade-like-2
MPA21Depth-best-shade-pure-3

Decks
Mage
Warrior
Shaman

Match Results
Match Result: 0 1 0 0 503 497 0 0 13374 13469 7687 7762
Match Result: 0 1 0 1 785 215 0 0 15903 3332 13814 4693
Match Result: 0 1 0 2 502 498 0 0 12007 11661 8737 7920
Match Result: 0 1 1 0 428 572 0 0 5664 11756 10864 10725
Match Result: 0 1 1 1 567 433 0 0 7275 5880 9352 6822
Match Result: 0 1 1 2 582 418 0 0 8034 7514 12140 6208
Match Result: 0 1 2 0 525 475 0 0 10505 11278 9643 7573
Match Result: 0 1 2 1 614 386 0 0 10586 5598 9502 7871
Match Result: 0 1 2 2 615 385 0 0 11581 7714 11796 6512
Match Result: 0 2 0 0 505 495 0 0 13830 12933 7774 8127
Match Result: 0 2 0 1 748 252 0 0 15425 3703 14111 5800
Match Result: 0 2 0 2 543 457 0 0 13071 10828 9696 7151
Match Result: 0 2 1 0 384 616 0 0 5198 12714 9354 11888
Match Result: 0 2 1 1 582 418 0 0 7506 5574 9262 6375
Match Result: 0 2 1 2 564 436 0 0 7798 7867 12242 6027
Match Result: 0 2 2 0 529 471 0 0 10682 11325 9491 7509
Match Result: 0 2 2 1 536 464 0 0 9102 6682 7994 9081
Match Result: 0 2 2 2 584 416 0 0 10935 8488 11215 6513
Match Result: 0 3 0 0 476 524 0 0 12796 14063 7512 8512
Match Result: 0 3 0 1 719 281 0 0 14811 4260 13826 6256
Match Result: 0 3 0 2 508 492 0 0 12363 11937 9154 7626
Match Result: 0 3 1 0 340 660 0 0 4558 13756 8434 12966
Match Result: 0 3 1 1 534 466 0 0 6982 6372 8387 6831
Match Result: 0 3 1 2 551 449 0 0 7571 8151 12047 6700
Match Result: 0 3 2 0 497 503 0 0 10358 12345 8834 8596
Match Result: 0 3 2 1 536 464 0 0 9169 6784 7811 9039
Match Result: 0 3 2 2 601 399 0 0 11387 8338 11394 6141
Match Result: 0 4 0 0 486 514 0 0 13057 13582 7424 8125
Match Result: 0 4 0 1 756 244 0 0 15364 3688 13858 5316
Match Result: 0 4 0 2 482 518 0 0 11610 12495 8136 7982
Match Result: 0 4 1 0 370 630 0 0 5022 13272 9409 12650
Match Result: 0 4 1 1 590 410 0 0 7610 5650 9816 6221
Match Result: 0 4 1 2 587 413 0 0 8057 7479 13097 5871
Match Result: 0 4 2 0 505 495 0 0 10429 12185 9428 8142
Match Result: 0 4 2 1 574 426 0 0 9646 6178 8968 8331
Match Result: 0 4 2 2 642 358 0 0 11910 7742 12996 5507
Match Result: 0 5 0 0 393 607 0 0 11493 15294 6195 10352
Match Result: 0 5 0 1 709 291 0 0 15319 4416 13396 6572
Match Result: 0 5 0 2 412 588 0 0 10061 13571 7479 9687
Match Result: 0 5 1 0 299 701 0 0 3939 14275 7693 14103
Match Result: 0 5 1 1 480 520 0 0 6276 7146 7755 7973
Match Result: 0 5 1 2 453 547 0 0 6243 9817 9723 8415
Match Result: 0 5 2 0 327 673 0 0 6970 16203 6332 12092
Match Result: 0 5 2 1 440 560 0 0 7876 8170 6885 10591
Match Result: 0 5 2 2 422 578 0 0 8428 11880 7801 10049
Match Result: 1 0 0 0 498 502 0 0 13244 13530 7835 7923
Match Result: 1 0 0 1 714 286 0 0 14349 4118 12688 6116
Match Result: 1 0 0 2 551 449 0 0 12468 9856 9675 6745
Match Result: 1 0 1 0 328 672 0 0 4576 14088 8300 11963
Match Result: 1 0 1 1 593 407 0 0 7711 5662 10420 5062
Match Result: 1 0 1 2 624 376 0 0 8598 6702 13909 4599
Match Result: 1 0 2 0 515 485 0 0 10448 12065 10324 8001
Match Result: 1 0 2 1 613 387 0 0 10227 5708 10707 6929
Match Result: 1 0 2 2 658 342 0 0 12168 6743 13036 5509
Match Result: 1 2 0 0 485 515 0 0 13164 13162 7291 8290
Match Result: 1 2 0 1 673 327 0 0 13430 4694 11634 7051
Match Result: 1 2 0 2 557 443 0 0 12748 9847 9520 6901
Match Result: 1 2 1 0 416 584 0 0 5652 12016 10353 9874
Match Result: 1 2 1 1 608 392 0 0 7724 5188 9894 5366
Match Result: 1 2 1 2 596 404 0 0 8264 7113 13293 5120
Match Result: 1 2 2 0 526 474 0 0 10254 11443 10114 7083
Match Result: 1 2 2 1 581 419 0 0 9574 6040 9151 7361
Match Result: 1 2 2 2 602 398 0 0 11018 7854 11873 6191
Match Result: 1 3 0 0 416 584 0 0 11206 15702 6525 9272
Match Result: 1 3 0 1 669 331 0 0 13457 4768 12142 7250
Match Result: 1 3 0 2 514 486 0 0 11781 11028 8341 7275
Match Result: 1 3 1 0 363 637 0 0 5077 13104 8913 11212
Match Result: 1 3 1 1 535 465 0 0 6921 6234 8732 6337
Match Result: 1 3 1 2 611 389 0 0 8349 6879 13608 4910
Match Result: 1 3 2 0 477 523 0 0 9680 12629 9305 8540
Match Result: 1 3 2 1 581 419 0 0 9675 6056 8783 7997
Match Result: 1 3 2 2 584 416 0 0 10690 8350 11869 6718
Match Result: 1 4 0 0 488 512 0 0 12610 13442 7675 8220
Match Result: 1 4 0 1 700 300 0 0 13804 4374 12262 6350
Match Result: 1 4 0 2 537 463 0 0 11977 10011 9255 6861
Match Result: 1 4 1 0 359 641 0 0 4997 13429 9098 11711
Match Result: 1 4 1 1 607 393 0 0 7791 5358 10560 5042
Match Result: 1 4 1 2 596 404 0 0 8196 7285 13686 4985
Match Result: 1 4 2 0 525 475 0 0 10570 11607 10320 7872
Match Result: 1 4 2 1 575 425 0 0 9377 6152 9601 8047
Match Result: 1 4 2 2 660 340 0 0 12018 7121 13778 5359
Match Result: 1 5 0 0 365 635 0 0 10392 15756 5286 10859
Match Result: 1 5 0 1 641 359 0 0 13366 5318 11012 7952
Match Result: 1 5 0 2 405 595 0 0 9588 13325 6606 9383
Match Result: 1 5 1 0 275 725 0 0 3813 14732 6940 13036
Match Result: 1 5 1 1 464 536 0 0 5882 7360 8245 6948
Match Result: 1 5 1 2 495 505 0 0 6991 9062 11036 6924
Match Result: 1 5 2 0 357 643 0 0 7216 15441 7157 10949
Match Result: 1 5 2 1 480 520 0 0 8449 7814 7752 9014
Match Result: 1 5 2 2 460 540 0 0 8835 11059 9365 9296
Match Result: 2 0 0 0 518 482 0 0 13350 13625 8436 7282
Match Result: 2 0 0 1 721 279 0 0 14347 4196 13195 5606
Match Result: 2 0 0 2 596 404 0 0 13600 8754 10287 6387
Match Result: 2 0 1 0 375 625 0 0 4995 13188 9780 12019
Match Result: 2 0 1 1 600 400 0 0 7598 5426 10296 5094
Match Result: 2 0 1 2 676 324 0 0 9128 5695 14825 3856
Match Result: 2 0 2 0 528 472 0 0 10977 11844 10121 8152
Match Result: 2 0 2 1 576 424 0 0 9749 6156 9788 8051
Match Result: 2 0 2 2 629 371 0 0 11802 7521 11879 5694
Match Result: 2 1 0 0 538 462 0 0 13566 12764 8726 6902
Match Result: 2 1 0 1 753 247 0 0 14959 3720 12476 5215
Match Result: 2 1 0 2 566 434 0 0 13167 9417 9462 7005
Match Result: 2 1 1 0 444 556 0 0 5978 11400 11047 10427
Match Result: 2 1 1 1 621 379 0 0 7839 4976 10133 4915
Match Result: 2 1 1 2 653 347 0 0 8911 6007 13710 4343
Match Result: 2 1 2 0 521 479 0 0 10568 11562 9655 7239
Match Result: 2 1 2 1 603 397 0 0 10269 5812 9599 7803
Match Result: 2 1 2 2 624 376 0 0 11391 7396 12138 6279
Match Result: 2 3 0 0 485 515 0 0 12875 14439 7563 7854
Match Result: 2 3 0 1 703 297 0 0 14151 4298 12934 6500
Match Result: 2 3 0 2 564 436 0 0 13060 9788 9174 6468
Match Result: 2 3 1 0 353 647 0 0 4817 13486 8814 12189
Match Result: 2 3 1 1 582 418 0 0 7286 5488 9420 5705
Match Result: 2 3 1 2 651 349 0 0 8721 6039 14166 4300
Match Result: 2 3 2 0 443 557 0 0 9261 13538 8140 9200
Match Result: 2 3 2 1 527 473 0 0 8920 6832 8218 9256
Match Result: 2 3 2 2 591 409 0 0 10817 8180 11698 6536
Match Result: 2 4 0 0 518 482 0 0 13447 13175 8117 7204
Match Result: 2 4 0 1 731 269 0 0 14546 3990 12831 5847
Match Result: 2 4 0 2 586 414 0 0 13233 9356 10179 5873
Match Result: 2 4 1 0 383 617 0 0 5203 13074 9757 12336
Match Result: 2 4 1 1 602 398 0 0 7626 5264 9863 5254
Match Result: 2 4 1 2 645 355 0 0 8643 6313 14193 4301
Match Result: 2 4 2 0 487 513 0 0 9770 12691 9353 8675
Match Result: 2 4 2 1 561 439 0 0 9505 6364 8854 8457
Match Result: 2 4 2 2 657 343 0 0 11952 7136 13351 5196
Match Result: 2 5 0 0 393 607 0 0 10898 15477 5809 9495
Match Result: 2 5 0 1 681 319 0 0 14286 4742 12161 6962
Match Result: 2 5 0 2 478 522 0 0 11403 11676 8061 8182
Match Result: 2 5 1 0 318 682 0 0 4178 13887 8188 13103
Match Result: 2 5 1 1 488 512 0 0 6202 6978 8160 6788
Match Result: 2 5 1 2 519 481 0 0 7155 8532 11412 6425
Match Result: 2 5 2 0 347 653 0 0 7258 15875 6853 11511
Match Result: 2 5 2 1 484 516 0 0 8854 7588 7400 9893
Match Result: 2 5 2 2 414 586 0 0 8285 11789 7877 9868
Match Result: 3 0 0 0 530 470 0 0 14300 13302 8694 7399
Match Result: 3 0 0 1 761 239 0 0 15355 3608 14427 4856
Match Result: 3 0 0 2 618 382 0 0 14250 8964 11222 5537
Match Result: 3 0 1 0 368 632 0 0 5040 13388 9424 12793
Match Result: 3 0 1 1 641 359 0 0 8173 4996 11038 4672
Match Result: 3 0 1 2 654 346 0 0 8830 6108 14460 4369
Match Result: 3 0 2 0 541 459 0 0 11599 11632 10081 7682
Match Result: 3 0 2 1 643 357 0 0 11027 5240 10524 6940
Match Result: 3 0 2 2 633 367 0 0 11840 7358 12484 5790
Match Result: 3 1 0 0 533 467 0 0 13667 12922 8543 6700
Match Result: 3 1 0 1 784 216 0 0 15696 3320 13875 4503
Match Result: 3 1 0 2 603 397 0 0 14164 9015 10004 6164
Match Result: 3 1 1 0 446 554 0 0 6028 11474 11191 10260
Match Result: 3 1 1 1 659 341 0 0 8367 4526 11082 4756
Match Result: 3 1 1 2 636 364 0 0 8694 6320 13898 5020
Match Result: 3 1 2 0 519 481 0 0 10549 11567 9872 7620
Match Result: 3 1 2 1 594 406 0 0 10172 5948 9195 7863
Match Result: 3 1 2 2 614 386 0 0 11397 7803 11887 6517
Match Result: 3 2 0 0 554 446 0 0 15268 11751 8465 6720
Match Result: 3 2 0 1 797 203 0 0 16073 3022 14974 4235
Match Result: 3 2 0 2 605 395 0 0 14120 9257 10734 5927
Match Result: 3 2 1 0 407 593 0 0 5519 12365 10041 11194
Match Result: 3 2 1 1 694 306 0 0 8762 4070 11284 4115
Match Result: 3 2 1 2 607 393 0 0 8327 7051 13826 5190
Match Result: 3 2 2 0 502 498 0 0 10289 12029 8704 8207
Match Result: 3 2 2 1 556 444 0 0 9400 6430 8435 8738
Match Result: 3 2 2 2 590 410 0 0 10877 8395 11652 6241
Match Result: 3 4 0 0 552 448 0 0 14617 12063 8474 6901
Match Result: 3 4 0 1 777 223 0 0 15615 3464 14233 4324
Match Result: 3 4 0 2 617 383 0 0 14473 8900 10993 5425
Match Result: 3 4 1 0 357 643 0 0 4881 13621 9160 13040
Match Result: 3 4 1 1 635 365 0 0 8091 4848 10894 5046
Match Result: 3 4 1 2 657 343 0 0 8851 6161 14830 4350
Match Result: 3 4 2 0 522 478 0 0 10899 11808 9671 7854
Match Result: 3 4 2 1 593 407 0 0 9999 5928 9264 7820
Match Result: 3 4 2 2 655 345 0 0 12115 7407 13155 5388
Match Result: 3 5 0 0 436 564 0 0 12299 14445 6696 9269
Match Result: 3 5 0 1 714 286 0 0 15117 4347 13365 6400
Match Result: 3 5 0 2 482 518 0 0 11593 11741 8450 8473
Match Result: 3 5 1 0 314 686 0 0 4238 14063 7924 13583
Match Result: 3 5 1 1 496 504 0 0 6298 6948 8159 6777
Match Result: 3 5 1 2 523 477 0 0 7339 8534 11630 6657
Match Result: 3 5 2 0 338 662 0 0 7312 16168 6395 11724
Match Result: 3 5 2 1 485 515 0 0 8829 7572 7512 9921
Match Result: 3 5 2 2 431 569 0 0 8667 11626 8262 9691
Match Result: 4 0 0 0 527 473 0 0 14139 13101 7869 6968
Match Result: 4 0 0 1 748 252 0 0 15308 3790 14785 5462
Match Result: 4 0 0 2 582 418 0 0 13545 9650 10310 6081
Match Result: 4 0 1 0 386 614 0 0 5182 12972 9983 11670
Match Result: 4 0 1 1 606 394 0 0 7788 5494 10654 5347
Match Result: 4 0 1 2 597 403 0 0 8037 7169 13322 4961
Match Result: 4 0 2 0 541 459 0 0 11976 11771 9808 7772
Match Result: 4 0 2 1 621 379 0 0 10862 5486 10276 7386
Match Result: 4 0 2 2 558 442 0 0 10956 9124 10649 7187
Match Result: 4 1 0 0 541 459 0 0 14380 12305 8129 6756
Match Result: 4 1 0 1 779 221 0 0 15760 3452 14349 4650
Match Result: 4 1 0 2 556 444 0 0 13046 10254 9265 6682
Match Result: 4 1 1 0 417 583 0 0 5775 11951 10166 11045
Match Result: 4 1 1 1 596 404 0 0 7598 5536 9680 5857
Match Result: 4 1 1 2 592 408 0 0 8110 7019 12877 5492
Match Result: 4 1 2 0 526 474 0 0 11087 11456 9422 7074
Match Result: 4 1 2 1 632 368 0 0 11106 5472 9923 7300
Match Result: 4 1 2 2 577 423 0 0 11167 8356 10970 7738
Match Result: 4 2 0 0 547 453 0 0 14542 11607 8155 6887
Match Result: 4 2 0 1 756 244 0 0 15519 3720 14557 5397
Match Result: 4 2 0 2 619 381 0 0 14441 8648 11099 5639
Match Result: 4 2 1 0 408 592 0 0 5578 12246 10094 11101
Match Result: 4 2 1 1 605 395 0 0 7611 5292 10080 5719
Match Result: 4 2 1 2 604 396 0 0 8242 6965 13530 5337
Match Result: 4 2 2 0 544 456 0 0 11486 10951 9345 7198
Match Result: 4 2 2 1 619 381 0 0 10468 5528 9565 7206
Match Result: 4 2 2 2 547 453 0 0 10744 9143 10097 7566
Match Result: 4 3 0 0 481 519 0 0 13238 13995 7254 8069
Match Result: 4 3 0 1 738 262 0 0 15232 3954 14048 5776
Match Result: 4 3 0 2 584 416 0 0 14010 9966 10085 6054
Match Result: 4 3 1 0 332 668 0 0 4460 13742 8233 12986
Match Result: 4 3 1 1 548 452 0 0 7014 6112 8837 6533
Match Result: 4 3 1 2 603 397 0 0 8203 7042 13510 5113
Match Result: 4 3 2 0 492 508 0 0 10431 12609 8836 8481
Match Result: 4 3 2 1 568 432 0 0 9915 6230 8815 8499
Match Result: 4 3 2 2 551 449 0 0 10956 9341 10532 7269
Match Result: 4 5 0 0 419 581 0 0 11651 14726 6159 8965
Match Result: 4 5 0 1 741 259 0 0 15804 3998 14212 5753
Match Result: 4 5 0 2 450 550 0 0 11041 12692 7705 8432
Match Result: 4 5 1 0 313 687 0 0 4161 13925 8017 13340
Match Result: 4 5 1 1 475 525 0 0 5949 7234 8508 7448
Match Result: 4 5 1 2 453 547 0 0 6299 9680 10121 7415
Match Result: 4 5 2 0 339 661 0 0 7291 16148 6313 11326
Match Result: 4 5 2 1 490 510 0 0 8990 7500 7404 10227
Match Result: 4 5 2 2 399 601 0 0 8210 12244 7743 10793
Match Result: 5 0 0 0 619 381 0 0 15377 11466 10719 5478
Match Result: 5 0 0 1 803 197 0 0 15851 2798 15700 4480
Match Result: 5 0 0 2 730 270 0 0 16735 6394 13893 4228
Match Result: 5 0 1 0 436 564 0 0 5934 12589 11226 10611
Match Result: 5 0 1 1 726 274 0 0 9304 3758 12952 3697
Match Result: 5 0 1 2 687 313 0 0 9419 5900 15195 4031
Match Result: 5 0 2 0 600 400 0 0 12597 10212 11697 6807
Match Result: 5 0 2 1 710 290 0 0 11963 4320 12233 5414
Match Result: 5 0 2 2 728 272 0 0 13352 5734 14778 4178
Match Result: 5 1 0 0 647 353 0 0 15639 10275 10852 4998
Match Result: 5 1 0 1 821 179 0 0 16080 2590 15199 4127
Match Result: 5 1 0 2 724 276 0 0 16606 6343 12777 4469
Match Result: 5 1 1 0 476 524 0 0 6515 11280 11945 9653
Match Result: 5 1 1 1 709 291 0 0 8957 3838 12116 4241
Match Result: 5 1 1 2 701 299 0 0 9589 5557 15852 4162
Match Result: 5 1 2 0 627 373 0 0 12431 9199 12032 5842
Match Result: 5 1 2 1 690 310 0 0 11678 4618 11567 6144
Match Result: 5 1 2 2 719 281 0 0 13360 5830 14659 4742
Match Result: 5 2 0 0 672 328 0 0 16749 9397 10922 4620
Match Result: 5 2 0 1 810 190 0 0 15885 2792 16154 4260
Match Result: 5 2 0 2 754 246 0 0 17470 5844 14681 3859
Match Result: 5 2 1 0 473 527 0 0 6408 11485 12054 9600
Match Result: 5 2 1 1 701 299 0 0 8863 3940 11561 4271
Match Result: 5 2 1 2 711 289 0 0 9779 5407 16187 3934
Match Result: 5 2 2 0 606 394 0 0 11983 9800 11731 6290
Match Result: 5 2 2 1 663 337 0 0 11169 4956 10785 6641
Match Result: 5 2 2 2 727 273 0 0 13522 5707 14543 4459
Match Result: 5 3 0 0 608 392 0 0 14997 11348 10476 5694
Match Result: 5 3 0 1 774 226 0 0 15308 3290 15091 5127
Match Result: 5 3 0 2 739 261 0 0 17182 6418 13851 4105
Match Result: 5 3 1 0 415 585 0 0 5609 12762 10748 11042
Match Result: 5 3 1 1 681 319 0 0 8609 4170 11519 4606
Match Result: 5 3 1 2 707 293 0 0 9645 5532 15858 3910
Match Result: 5 3 2 0 569 431 0 0 11946 10880 10814 7302
Match Result: 5 3 2 1 651 349 0 0 11140 5078 10240 6813
Match Result: 5 3 2 2 726 274 0 0 13498 5819 14757 4411
Match Result: 5 4 0 0 632 368 0 0 15381 10619 10279 5469
Match Result: 5 4 0 1 806 194 0 0 15807 2814 15336 4368
Match Result: 5 4 0 2 728 272 0 0 16859 6547 13579 4135
Match Result: 5 4 1 0 443 557 0 0 5965 12232 11641 10646
Match Result: 5 4 1 1 717 283 0 0 9155 3728 12365 4249
Match Result: 5 4 1 2 709 291 0 0 9645 5613 16379 3817
Match Result: 5 4 2 0 597 403 0 0 12349 10110 11261 6794
Match Result: 5 4 2 1 678 322 0 0 11485 4670 10864 6538
Match Result: 5 4 2 2 770 230 0 0 14055 5140 16253 3684
