RoundRobin_DeckPlaying

Agents
MPA28-best-coev-1
MPA28-best-shade-like-2
MPA28-best-shade-pure-3

Decks
Mage
Warrior
Shaman

Match Results
Match Result: 0 1 0 0 529 471 0 0 13699 13424 8560 6955
Match Result: 0 1 0 1 787 213 0 0 15911 3206 15041 4796
Match Result: 0 1 0 2 647 353 0 0 14926 8008 11951 5134
Match Result: 0 1 1 0 324 676 0 0 4458 13929 7926 13510
Match Result: 0 1 1 1 615 385 0 0 8039 5410 10525 5551
Match Result: 0 1 1 2 595 405 0 0 8025 7227 13532 5489
Match Result: 0 1 2 0 504 496 0 0 10646 12224 9408 8572
Match Result: 0 1 2 1 634 366 0 0 11078 5366 10292 7518
Match Result: 0 1 2 2 661 339 0 0 12006 7089 13094 5263
Match Result: 0 2 0 0 525 475 0 0 13971 13098 7949 7159
Match Result: 0 2 0 1 848 152 0 0 17104 2382 16223 2936
Match Result: 0 2 0 2 643 357 0 0 15105 8531 11628 5021
Match Result: 0 2 1 0 367 633 0 0 4823 13401 10017 13243
Match Result: 0 2 1 1 635 365 0 0 8413 5584 12957 4794
Match Result: 0 2 1 2 595 405 0 0 7995 7539 14661 5384
Match Result: 0 2 2 0 458 542 0 0 9334 13592 8906 9577
Match Result: 0 2 2 1 706 294 0 0 12692 4586 13212 5541
Match Result: 0 2 2 2 635 365 0 0 11796 8084 13802 5549
Match Result: 1 0 0 0 507 493 0 0 13925 12942 7795 8030
Match Result: 1 0 0 1 833 167 0 0 16272 2550 16153 3367
Match Result: 1 0 0 2 582 418 0 0 13720 10021 10515 5862
Match Result: 1 0 1 0 424 576 0 0 5589 12029 11238 11484
Match Result: 1 0 1 1 679 321 0 0 8617 4532 12530 4250
Match Result: 1 0 1 2 686 314 0 0 9326 5805 16258 3908
Match Result: 1 0 2 0 473 527 0 0 9427 12850 9137 8682
Match Result: 1 0 2 1 654 346 0 0 11120 5074 10731 6487
Match Result: 1 0 2 2 622 378 0 0 11446 7818 12225 6007
Match Result: 1 2 0 0 470 530 0 0 13009 13894 7018 8734
Match Result: 1 2 0 1 814 186 0 0 16592 2978 15812 3564
Match Result: 1 2 0 2 591 409 0 0 14325 10264 11073 5653
Match Result: 1 2 1 0 375 625 0 0 4892 13291 10275 12983
Match Result: 1 2 1 1 680 320 0 0 8882 4658 13281 4077
Match Result: 1 2 1 2 650 350 0 0 8760 6488 15527 4531
Match Result: 1 2 2 0 459 541 0 0 9669 13617 8651 9701
Match Result: 1 2 2 1 676 324 0 0 11963 4948 12270 6009
Match Result: 1 2 2 2 629 371 0 0 11639 8148 13287 5605
Match Result: 2 0 0 0 570 430 0 0 15367 11968 8725 6089
Match Result: 2 0 0 1 883 117 0 0 17803 1798 18274 2610
Match Result: 2 0 0 2 670 330 0 0 16115 8035 12831 4675
Match Result: 2 0 1 0 354 646 0 0 4726 13678 9157 12217
Match Result: 2 0 1 1 657 343 0 0 8959 5218 12116 5363
Match Result: 2 0 1 2 593 407 0 0 8255 7944 14716 5788
Match Result: 2 0 2 0 484 516 0 0 9989 12715 9008 8491
Match Result: 2 0 2 1 735 265 0 0 12923 3874 12538 5419
Match Result: 2 0 2 2 672 328 0 0 13218 7382 13702 5124
Match Result: 2 1 0 0 549 451 0 0 14541 13055 9017 6427
Match Result: 2 1 0 1 813 187 0 0 16776 2853 16559 4118
Match Result: 2 1 0 2 656 344 0 0 16008 8250 12074 5198
Match Result: 2 1 1 0 336 664 0 0 4602 14223 8470 12728
Match Result: 2 1 1 1 602 398 0 0 8124 5722 9981 6189
Match Result: 2 1 1 2 549 451 0 0 7653 8390 12434 6533
Match Result: 2 1 2 0 510 490 0 0 11402 12436 8856 8412
Match Result: 2 1 2 1 641 359 0 0 11382 5302 9827 7153
Match Result: 2 1 2 2 662 338 0 0 13093 7140 13049 5695
