RoundRobin_DeckPlaying

Agents
MPA63Smooth-best-coev-1
MPA63Smooth-best-shade-like-2
MPA63Smooth-best-shade-pure-3

Decks
Mage
Warrior
Shaman

Match Results
Match Result: 0 1 0 0 540 460 0 0 14329 12425 8096 7299
Match Result: 0 1 0 1 736 264 0 0 15049 3868 14000 6047
Match Result: 0 1 0 2 576 424 0 0 14073 9790 10459 6611
Match Result: 0 1 1 0 381 619 0 0 5165 13136 9519 11378
Match Result: 0 1 1 1 606 394 0 0 7930 5386 9312 6170
Match Result: 0 1 1 2 608 392 0 0 8544 7253 13565 5576
Match Result: 0 1 2 0 537 463 0 0 10830 11215 10189 7713
Match Result: 0 1 2 1 552 448 0 0 9402 6484 8412 8927
Match Result: 0 1 2 2 617 383 0 0 11955 7977 11622 6263
Match Result: 0 2 0 0 559 441 0 0 14622 11836 8702 7178
Match Result: 0 2 0 1 784 216 0 0 16062 3228 15006 4908
Match Result: 0 2 0 2 573 427 0 0 13685 9627 10382 7035
Match Result: 0 2 1 0 360 640 0 0 4851 13532 9187 12291
Match Result: 0 2 1 1 632 368 0 0 8132 5034 10253 5751
Match Result: 0 2 1 2 628 372 0 0 8872 6897 13419 5450
Match Result: 0 2 2 0 523 477 0 0 10834 11690 9776 8182
Match Result: 0 2 2 1 611 389 0 0 10504 5696 9333 7817
Match Result: 0 2 2 2 607 393 0 0 11519 8020 11610 6697
Match Result: 1 0 0 0 549 451 0 0 14560 12364 8762 6864
Match Result: 1 0 0 1 775 225 0 0 15639 3300 14371 5017
Match Result: 1 0 0 2 581 419 0 0 13481 9275 10154 6486
Match Result: 1 0 1 0 380 620 0 0 5084 13183 9949 12269
Match Result: 1 0 1 1 605 395 0 0 7715 5366 10615 4705
Match Result: 1 0 1 2 672 328 0 0 9116 5785 15024 4103
Match Result: 1 0 2 0 457 543 0 0 9487 13692 8722 8732
Match Result: 1 0 2 1 619 381 0 0 10899 5686 10756 7123
Match Result: 1 0 2 2 631 369 0 0 11807 7718 12612 5710
Match Result: 1 2 0 0 536 464 0 0 13786 12658 8852 6789
Match Result: 1 2 0 1 747 253 0 0 15084 3814 13569 5212
Match Result: 1 2 0 2 599 401 0 0 13767 8777 10222 5967
Match Result: 1 2 1 0 403 597 0 0 5251 12469 10295 11671
Match Result: 1 2 1 1 604 396 0 0 7588 5344 10022 5353
Match Result: 1 2 1 2 695 305 0 0 9291 5397 15128 3743
Match Result: 1 2 2 0 492 508 0 0 10068 12417 9259 8443
Match Result: 1 2 2 1 605 395 0 0 10229 5830 9699 7731
Match Result: 1 2 2 2 633 367 0 0 11626 7521 11963 5700
Match Result: 2 0 0 0 537 463 0 0 14000 12398 8471 7017
Match Result: 2 0 0 1 769 231 0 0 15566 3454 14195 4890
Match Result: 2 0 0 2 583 417 0 0 13637 9652 10366 6192
Match Result: 2 0 1 0 334 666 0 0 4596 14134 8714 13248
Match Result: 2 0 1 1 602 398 0 0 7812 5394 10944 5515
Match Result: 2 0 1 2 597 403 0 0 8211 7423 13955 4901
Match Result: 2 0 2 0 510 490 0 0 10326 12211 9914 8121
Match Result: 2 0 2 1 607 393 0 0 10678 5862 10263 7310
Match Result: 2 0 2 2 619 381 0 0 11807 7818 12326 6303
Match Result: 2 1 0 0 539 461 0 0 14036 11999 8433 6801
Match Result: 2 1 0 1 722 278 0 0 14558 4088 13397 6152
Match Result: 2 1 0 2 570 430 0 0 13447 9589 9946 6655
Match Result: 2 1 1 0 386 614 0 0 5364 12934 9518 10938
Match Result: 2 1 1 1 610 390 0 0 7872 5200 9903 5681
Match Result: 2 1 1 2 598 402 0 0 8228 7228 13552 5057
Match Result: 2 1 2 0 521 479 0 0 10261 11540 9775 7784
Match Result: 2 1 2 1 557 443 0 0 9356 6394 8550 8487
Match Result: 2 1 2 2 598 402 0 0 11053 7872 11186 6673
