RoundRobin_DeckPlaying

Agents
MPA28ShadePure-1
MPA28ShadePure-2
MPA28ShadePure-3

Decks
Mage
Warrior
Shaman

Match Results
Match Result: 0 1 0 0 499 501 0 0 13254 13521 7647 7568
Match Result: 0 1 0 1 823 177 0 0 16511 2718 15288 3432
Match Result: 0 1 0 2 623 377 0 0 14598 8902 11079 5230
Match Result: 0 1 1 0 410 590 0 0 5404 12304 11240 11641
Match Result: 0 1 1 1 669 331 0 0 8543 4750 13847 4390
Match Result: 0 1 1 2 656 344 0 0 8694 6242 15895 4362
Match Result: 0 1 2 0 432 568 0 0 8700 14256 8802 10095
Match Result: 0 1 2 1 668 332 0 0 11731 5039 12424 6160
Match Result: 0 1 2 2 620 380 0 0 11366 8328 13257 5775
Match Result: 0 2 0 0 566 434 0 0 14420 12619 9138 6313
Match Result: 0 2 0 1 756 244 0 0 15249 3716 13745 4868
Match Result: 0 2 0 2 651 349 0 0 14949 7931 11785 5111
Match Result: 0 2 1 0 375 625 0 0 5077 13208 9801 12066
Match Result: 0 2 1 1 601 399 0 0 7707 5550 10729 5089
Match Result: 0 2 1 2 612 388 0 0 8228 6915 14200 4692
Match Result: 0 2 2 0 488 512 0 0 10366 13091 9273 8523
Match Result: 0 2 2 1 624 376 0 0 10834 5688 10455 7207
Match Result: 0 2 2 2 613 387 0 0 11328 8254 12580 5994
Match Result: 1 0 0 0 546 454 0 0 14707 12813 8504 6894
Match Result: 1 0 0 1 831 169 0 0 16806 2578 15935 3840
Match Result: 1 0 0 2 663 337 0 0 16127 8317 12453 4849
Match Result: 1 0 1 0 398 602 0 0 5256 12575 10229 11361
Match Result: 1 0 1 1 685 315 0 0 8951 4578 12167 4872
Match Result: 1 0 1 2 583 417 0 0 7941 7878 13933 5697
Match Result: 1 0 2 0 485 515 0 0 10249 12755 8800 8910
Match Result: 1 0 2 1 652 348 0 0 11053 5232 10605 6742
Match Result: 1 0 2 2 652 348 0 0 12416 7670 13307 5253
Match Result: 1 2 0 0 535 465 0 0 13789 13904 8686 6701
Match Result: 1 2 0 1 816 184 0 0 17035 2890 15823 3934
Match Result: 1 2 0 2 660 340 0 0 16019 8482 12640 5233
Match Result: 1 2 1 0 309 691 0 0 4353 15088 8129 14089
Match Result: 1 2 1 1 576 424 0 0 7938 6392 10681 6795
Match Result: 1 2 1 2 565 435 0 0 7881 8347 13520 6400
Match Result: 1 2 2 0 511 489 0 0 11485 12851 9188 8614
Match Result: 1 2 2 1 678 322 0 0 12185 4918 11897 6430
Match Result: 1 2 2 2 667 333 0 0 13359 7574 13959 5428
Match Result: 2 0 0 0 483 517 0 0 13456 13924 7598 8252
Match Result: 2 0 0 1 798 202 0 0 16435 3194 15019 4327
Match Result: 2 0 0 2 601 399 0 0 14902 9753 10775 5832
Match Result: 2 0 1 0 422 578 0 0 5542 12128 10737 10941
Match Result: 2 0 1 1 689 311 0 0 8849 4408 12108 4564
Match Result: 2 0 1 2 607 393 0 0 8411 7284 13798 5274
Match Result: 2 0 2 0 428 572 0 0 8795 14026 7839 9302
Match Result: 2 0 2 1 599 401 0 0 10101 5966 9579 7622
Match Result: 2 0 2 2 654 346 0 0 12430 7273 13090 5349
Match Result: 2 1 0 0 482 518 0 0 14053 13775 6919 8300
Match Result: 2 1 0 1 823 177 0 0 17482 2952 16614 3684
Match Result: 2 1 0 2 570 430 0 0 14259 11455 11034 6113
Match Result: 2 1 1 0 371 629 0 0 4961 13566 9928 12767
Match Result: 2 1 1 1 632 368 0 0 8632 5640 12468 5279
Match Result: 2 1 1 2 587 413 0 0 8207 7959 13918 5639
Match Result: 2 1 2 0 421 579 0 0 9077 14615 7940 10462
Match Result: 2 1 2 1 670 330 0 0 12181 5102 12383 6529
Match Result: 2 1 2 2 600 400 0 0 11990 9082 12499 6350
