RoundRobin_DeckPlaying

Agents
MPA28NormShadePure-1
MPA28NormShadePure-2
MPA28NormShadePure-3

Decks
Mage
Warrior
Shaman

Match Results
Match Result: 0 1 0 0 613 387 0 0 15540 10947 9855 5331
Match Result: 0 1 0 1 811 189 0 0 16810 2871 16263 4379
Match Result: 0 1 0 2 689 311 0 0 16519 7373 13291 4710
Match Result: 0 1 1 0 358 642 0 0 4904 13877 9323 12915
Match Result: 0 1 1 1 575 425 0 0 7739 6202 10550 7268
Match Result: 0 1 1 2 550 450 0 0 7648 8588 12877 6748
Match Result: 0 1 2 0 475 525 0 0 10971 13332 7943 8697
Match Result: 0 1 2 1 669 331 0 0 12135 4888 11191 7040
Match Result: 0 1 2 2 613 387 0 0 12465 8821 12681 6196
Match Result: 0 2 0 0 585 415 0 0 15104 11732 9233 5830
Match Result: 0 2 0 1 817 183 0 0 16863 2766 16737 4275
Match Result: 0 2 0 2 638 362 0 0 15286 8950 11924 5470
Match Result: 0 2 1 0 397 603 0 0 5431 12705 10310 12157
Match Result: 0 2 1 1 618 382 0 0 8416 5572 11220 6376
Match Result: 0 2 1 2 543 457 0 0 7415 8656 13218 6826
Match Result: 0 2 2 0 497 503 0 0 10839 12531 8879 8701
Match Result: 0 2 2 1 651 349 0 0 11834 5196 11287 7289
Match Result: 0 2 2 2 602 398 0 0 12129 9171 12526 6693
Match Result: 1 0 0 0 430 570 0 0 11922 14845 6268 8739
Match Result: 1 0 0 1 795 205 0 0 16572 3332 15593 4223
Match Result: 1 0 0 2 562 438 0 0 13180 11234 10422 5889
Match Result: 1 0 1 0 398 602 0 0 5096 12942 11270 12405
Match Result: 1 0 1 1 635 365 0 0 8369 5460 12858 5365
Match Result: 1 0 1 2 610 390 0 0 8216 7586 15542 4908
Match Result: 1 0 2 0 464 536 0 0 10044 13358 8655 9732
Match Result: 1 0 2 1 652 348 0 0 11868 5210 11748 7239
Match Result: 1 0 2 2 641 359 0 0 12782 8383 14207 5725
Match Result: 1 2 0 0 504 496 0 0 13049 12907 7854 7032
Match Result: 1 2 0 1 761 239 0 0 15707 3750 14748 5292
Match Result: 1 2 0 2 577 423 0 0 13896 10434 10723 6089
Match Result: 1 2 1 0 361 639 0 0 4779 13567 9527 12669
Match Result: 1 2 1 1 568 432 0 0 7532 6050 10916 6832
Match Result: 1 2 1 2 555 445 0 0 7589 8272 13228 6109
Match Result: 1 2 2 0 527 473 0 0 11584 11831 9212 7932
Match Result: 1 2 2 1 633 367 0 0 11451 5364 10626 7892
Match Result: 1 2 2 2 582 418 0 0 11709 9245 11758 7109
Match Result: 2 0 0 0 421 579 0 0 11568 15066 5995 8838
Match Result: 2 0 0 1 781 219 0 0 15976 3304 15334 4830
Match Result: 2 0 0 2 552 448 0 0 12948 11184 10268 6063
Match Result: 2 0 1 0 418 582 0 0 5401 12373 11747 12261
Match Result: 2 0 1 1 653 347 0 0 8547 5180 13479 5304
Match Result: 2 0 1 2 594 406 0 0 8068 7849 15268 5665
Match Result: 2 0 2 0 468 532 0 0 9841 13419 9295 9493
Match Result: 2 0 2 1 704 296 0 0 12707 4458 13003 6099
Match Result: 2 0 2 2 675 325 0 0 13315 7742 15000 5090
Match Result: 2 1 0 0 530 470 0 0 13783 12842 8246 7094
Match Result: 2 1 0 1 771 229 0 0 15898 3454 14833 5207
Match Result: 2 1 0 2 610 390 0 0 14217 9465 10670 5716
Match Result: 2 1 1 0 358 642 0 0 4888 13512 9439 13170
Match Result: 2 1 1 1 623 377 0 0 8203 5482 11502 5803
Match Result: 2 1 1 2 575 425 0 0 7855 8037 13822 6112
Match Result: 2 1 2 0 507 493 0 0 11389 12468 8924 8481
Match Result: 2 1 2 1 643 357 0 0 11485 5244 10644 7550
Match Result: 2 1 2 2 655 345 0 0 13223 7715 13113 5619
