RoundRobin_DeckPlaying

Agents
MPA63ShadePure-1
MPA63ShadePure-2
MPA63ShadePure-3

Decks
Mage
Warrior
Shaman

Match Results
Match Result: 0 1 0 0 484 516 0 0 12433 13632 7084 7714
Match Result: 0 1 0 1 649 351 0 0 12988 5034 11333 7845
Match Result: 0 1 0 2 517 483 0 0 11526 10112 8336 7385
Match Result: 0 1 1 0 429 571 0 0 5747 11799 10621 9508
Match Result: 0 1 1 1 593 407 0 0 7481 5304 9497 5618
Match Result: 0 1 1 2 621 379 0 0 8543 6502 13473 5060
Match Result: 0 1 2 0 549 451 0 0 10890 10903 10436 6664
Match Result: 0 1 2 1 575 425 0 0 9520 6128 8595 7773
Match Result: 0 1 2 2 584 416 0 0 10698 7963 10868 6791
Match Result: 0 2 0 0 476 524 0 0 12032 13724 7399 7906
Match Result: 0 2 0 1 680 320 0 0 13471 4624 10796 7234
Match Result: 0 2 0 2 500 500 0 0 11034 10391 7358 7899
Match Result: 0 2 1 0 388 612 0 0 5274 12437 9857 10259
Match Result: 0 2 1 1 616 384 0 0 7858 5146 10398 5261
Match Result: 0 2 1 2 606 394 0 0 8336 6777 13026 4997
Match Result: 0 2 2 0 524 476 0 0 10333 11241 10066 7372
Match Result: 0 2 2 1 631 369 0 0 10695 5494 10392 7020
Match Result: 0 2 2 2 564 436 0 0 10240 8379 10979 7011
Match Result: 1 0 0 0 489 511 0 0 12474 13296 7402 7395
Match Result: 1 0 0 1 733 267 0 0 14652 4036 12267 5703
Match Result: 1 0 0 2 539 461 0 0 12437 10073 8720 7009
Match Result: 1 0 1 0 391 609 0 0 5329 12434 9822 11644
Match Result: 1 0 1 1 591 409 0 0 7457 5342 9732 5562
Match Result: 1 0 1 2 585 415 0 0 7991 7201 12844 5546
Match Result: 1 0 2 0 529 471 0 0 10268 11171 9684 7136
Match Result: 1 0 2 1 570 430 0 0 9587 6264 8839 7954
Match Result: 1 0 2 2 594 406 0 0 10727 8120 11373 6412
Match Result: 1 2 0 0 497 503 0 0 12777 13114 7312 7424
Match Result: 1 2 0 1 731 269 0 0 14478 4283 11928 5360
Match Result: 1 2 0 2 477 523 0 0 10944 11358 7186 8097
Match Result: 1 2 1 0 389 611 0 0 5349 12582 9603 11354
Match Result: 1 2 1 1 602 398 0 0 7596 5320 10588 5457
Match Result: 1 2 1 2 581 419 0 0 7993 7328 12652 5533
Match Result: 1 2 2 0 553 447 0 0 10938 10846 10614 6873
Match Result: 1 2 2 1 634 366 0 0 10970 5510 9733 7149
Match Result: 1 2 2 2 594 406 0 0 11056 8082 11021 6635
Match Result: 2 0 0 0 510 490 0 0 12870 12594 8042 7325
Match Result: 2 0 0 1 710 290 0 0 14086 4186 11875 6680
Match Result: 2 0 0 2 522 478 0 0 11918 10662 8843 7328
Match Result: 2 0 1 0 420 580 0 0 5712 11712 10719 9674
Match Result: 2 0 1 1 569 431 0 0 7325 5712 9138 6135
Match Result: 2 0 1 2 568 432 0 0 7960 7780 12905 5933
Match Result: 2 0 2 0 567 433 0 0 10806 10025 10638 6191
Match Result: 2 0 2 1 568 432 0 0 9402 6298 8633 7978
Match Result: 2 0 2 2 600 400 0 0 10802 7861 11666 6395
Match Result: 2 1 0 0 507 493 0 0 13205 12704 7686 7236
Match Result: 2 1 0 1 713 287 0 0 14272 4144 12674 6491
Match Result: 2 1 0 2 560 440 0 0 12756 9672 9170 6592
Match Result: 2 1 1 0 364 636 0 0 5088 13163 8818 10648
Match Result: 2 1 1 1 633 367 0 0 8057 4778 10281 5462
Match Result: 2 1 1 2 565 435 0 0 7925 7816 12459 5989
Match Result: 2 1 2 0 573 427 0 0 11319 10170 10910 6399
Match Result: 2 1 2 1 575 425 0 0 9417 6144 8708 7965
Match Result: 2 1 2 2 595 405 0 0 10962 8158 11553 6490
