RoundRobin_DeckPlaying

Agents
MPA28-1
MPA28-2
MPA28-3

Decks
Mage
Warrior
Shaman

Match Results
Match Result: 0 1 0 0 535 465 0 0 14087 12639 8060 6541
Match Result: 0 1 0 1 847 153 0 0 17042 2386 17390 3155
Match Result: 0 1 0 2 636 364 0 0 15234 8855 11800 5216
Match Result: 0 1 1 0 421 579 0 0 5419 11729 10939 10976
Match Result: 0 1 1 1 680 320 0 0 9020 4662 12343 4854
Match Result: 0 1 1 2 589 411 0 0 7815 7539 14169 5661
Match Result: 0 1 2 0 435 565 0 0 8855 13911 8024 9578
Match Result: 0 1 2 1 637 363 0 0 11298 5416 10622 7065
Match Result: 0 1 2 2 578 422 0 0 10964 9157 11902 6572
Match Result: 0 2 0 0 551 449 0 0 14470 12882 9002 6283
Match Result: 0 2 0 1 803 197 0 0 16410 2916 16084 4452
Match Result: 0 2 0 2 642 358 0 0 15186 8110 11630 5540
Match Result: 0 2 1 0 378 622 0 0 5150 12737 9291 12196
Match Result: 0 2 1 1 563 437 0 0 7347 6186 9358 6623
Match Result: 0 2 1 2 515 485 0 0 6959 8646 11889 6630
Match Result: 0 2 2 0 487 513 0 0 10347 12876 8828 8623
Match Result: 0 2 2 1 570 430 0 0 9933 6176 8921 8888
Match Result: 0 2 2 2 574 426 0 0 10906 8643 10697 7147
Match Result: 1 0 0 0 542 458 0 0 14364 12592 7959 6657
Match Result: 1 0 0 1 797 203 0 0 15494 3074 14722 4060
Match Result: 1 0 0 2 707 293 0 0 16528 6961 12917 3946
Match Result: 1 0 1 0 392 608 0 0 5210 12691 10409 12361
Match Result: 1 0 1 1 651 349 0 0 8415 4942 12381 4909
Match Result: 1 0 1 2 639 361 0 0 8499 6697 15852 4675
Match Result: 1 0 2 0 494 506 0 0 10062 12732 9572 8649
Match Result: 1 0 2 1 730 270 0 0 12464 4052 13294 5003
Match Result: 1 0 2 2 695 305 0 0 12744 6628 14911 4576
Match Result: 1 2 0 0 582 418 0 0 15329 12375 9557 5765
Match Result: 1 2 0 1 762 238 0 0 15231 3510 14165 4964
Match Result: 1 2 0 2 642 358 0 0 15271 8218 11508 5339
Match Result: 1 2 1 0 339 661 0 0 4583 13686 8543 13083
Match Result: 1 2 1 1 586 414 0 0 7422 5592 9604 5890
Match Result: 1 2 1 2 579 421 0 0 7749 7491 13640 5708
Match Result: 1 2 2 0 513 487 0 0 11305 12253 9314 7991
Match Result: 1 2 2 1 605 395 0 0 10445 5716 9624 7734
Match Result: 1 2 2 2 641 359 0 0 12127 7452 12632 5815
Match Result: 2 0 0 0 469 531 0 0 12708 13807 7061 8566
Match Result: 2 0 0 1 751 249 0 0 14751 3848 13576 4820
Match Result: 2 0 0 2 595 405 0 0 13558 9772 10712 5440
Match Result: 2 0 1 0 402 598 0 0 5132 12700 11107 12115
Match Result: 2 0 1 1 675 325 0 0 8481 4528 13082 4147
Match Result: 2 0 1 2 708 292 0 0 9366 5377 16651 3375
Match Result: 2 0 2 0 461 539 0 0 9268 13229 9187 9021
Match Result: 2 0 2 1 691 309 0 0 11695 4574 11665 5854
Match Result: 2 0 2 2 679 321 0 0 12318 6837 14101 4680
Match Result: 2 1 0 0 448 552 0 0 12337 14800 6811 8724
Match Result: 2 1 0 1 787 213 0 0 15852 3268 14972 4201
Match Result: 2 1 0 2 553 447 0 0 13213 11198 9871 6261
Match Result: 2 1 1 0 417 583 0 0 5398 12180 10839 11398
Match Result: 2 1 1 1 673 327 0 0 8557 4504 11653 4349
Match Result: 2 1 1 2 672 328 0 0 8860 5996 15886 4159
Match Result: 2 1 2 0 451 549 0 0 9040 13516 8667 9213
Match Result: 2 1 2 1 645 355 0 0 11016 5256 10399 6616
Match Result: 2 1 2 2 643 357 0 0 11776 7605 13306 5475
