RoundRobin_DeckPlaying

Agents
Parametric-1
Parametric-2
Parametric-3

Decks
Mage
Warrior
Shaman

Match Results
Match Result: 0 1 0 0 496 504 0 0 13359 13579 7620 7703
Match Result: 0 1 0 1 752 248 0 0 15447 3790 14940 5357
Match Result: 0 1 0 2 512 488 0 0 12125 11347 9359 7829
Match Result: 0 1 1 0 343 657 0 0 4694 14009 8723 13186
Match Result: 0 1 1 1 581 419 0 0 7551 5726 10074 5911
Match Result: 0 1 1 2 579 421 0 0 7983 7703 13739 6030
Match Result: 0 1 2 0 488 512 0 0 10362 12645 9250 8508
Match Result: 0 1 2 1 545 455 0 0 9498 6746 8757 8537
Match Result: 0 1 2 2 536 464 0 0 10152 9597 10792 7880
Match Result: 0 2 0 0 463 537 0 0 12425 14648 7565 8403
Match Result: 0 2 0 1 710 290 0 0 14630 4302 13382 6344
Match Result: 0 2 0 2 477 523 0 0 11324 11606 8278 8385
Match Result: 0 2 1 0 319 681 0 0 4339 14484 8238 14026
Match Result: 0 2 1 1 564 436 0 0 7486 6012 9651 5996
Match Result: 0 2 1 2 570 430 0 0 7810 7990 13115 5896
Match Result: 0 2 2 0 491 509 0 0 10555 12565 9001 8743
Match Result: 0 2 2 1 565 435 0 0 9960 6410 9516 8567
Match Result: 0 2 2 2 500 500 0 0 9773 10281 9573 8403
Match Result: 1 0 0 0 552 448 0 0 14876 12310 8450 6899
Match Result: 1 0 0 1 796 204 0 0 16260 3085 15656 4441
Match Result: 1 0 0 2 579 421 0 0 13603 10102 10451 6150
Match Result: 1 0 1 0 406 594 0 0 5511 12590 10119 11643
Match Result: 1 0 1 1 631 369 0 0 8083 5050 10209 5275
Match Result: 1 0 1 2 634 366 0 0 8724 6750 13964 4756
Match Result: 1 0 2 0 558 442 0 0 12027 11073 10337 7223
Match Result: 1 0 2 1 666 334 0 0 11546 4866 11065 6889
Match Result: 1 0 2 2 655 345 0 0 12370 7052 12791 5860
Match Result: 1 2 0 0 530 470 0 0 14567 13244 7778 7289
Match Result: 1 2 0 1 743 257 0 0 15200 3868 14222 5678
Match Result: 1 2 0 2 545 455 0 0 12811 10609 9651 6954
Match Result: 1 2 1 0 354 646 0 0 4782 13801 8960 12903
Match Result: 1 2 1 1 601 399 0 0 7793 5524 9947 5512
Match Result: 1 2 1 2 627 373 0 0 8527 6751 13437 5020
Match Result: 1 2 2 0 531 469 0 0 11675 11796 9649 8286
Match Result: 1 2 2 1 561 439 0 0 9722 6350 8719 8441
Match Result: 1 2 2 2 601 399 0 0 11610 8255 11104 6270
Match Result: 2 0 0 0 572 428 0 0 15130 11562 9133 6634
Match Result: 2 0 0 1 803 197 0 0 16586 3062 15919 4332
Match Result: 2 0 0 2 559 441 0 0 13577 10702 9839 6636
Match Result: 2 0 1 0 420 580 0 0 5528 12232 10682 11268
Match Result: 2 0 1 1 626 374 0 0 8144 5214 10406 5497
Match Result: 2 0 1 2 627 373 0 0 8633 6823 14166 5773
Match Result: 2 0 2 0 604 396 0 0 12424 9822 11474 6417
Match Result: 2 0 2 1 666 334 0 0 11817 4910 10754 6678
Match Result: 2 0 2 2 669 331 0 0 12544 7045 13673 5335
Match Result: 2 1 0 0 506 494 0 0 14341 13827 7879 7525
Match Result: 2 1 0 1 789 211 0 0 16194 3064 15669 4817
Match Result: 2 1 0 2 542 458 0 0 13105 11260 9982 6905
Match Result: 2 1 1 0 369 631 0 0 4989 13284 9420 12706
Match Result: 2 1 1 1 625 375 0 0 8053 5206 10320 5200
Match Result: 2 1 1 2 598 402 0 0 8062 7349 13641 5443
Match Result: 2 1 2 0 522 478 0 0 11204 11880 9539 8302
Match Result: 2 1 2 1 577 423 0 0 9957 6232 9303 7551
Match Result: 2 1 2 2 625 375 0 0 11768 7880 12090 5955
