RoundRobin_DeckPlaying

Agents
MPA63SmoothShadePure-1
MPA63SmoothShadePure-2
MPA63SmoothShadePure-3

Decks
Mage
Warrior
Shaman

Match Results
Match Result: 0 1 0 0 565 435 0 0 14829 11577 8776 6888
Match Result: 0 1 0 1 758 242 0 0 15234 3596 13776 5452
Match Result: 0 1 0 2 571 429 0 0 13071 9848 10092 6831
Match Result: 0 1 1 0 397 603 0 0 5259 12482 10033 11972
Match Result: 0 1 1 1 620 380 0 0 7832 5042 9917 5702
Match Result: 0 1 1 2 634 366 0 0 8610 6491 14587 5143
Match Result: 0 1 2 0 545 455 0 0 11180 11219 9889 7377
Match Result: 0 1 2 1 572 428 0 0 9659 6226 8786 8560
Match Result: 0 1 2 2 618 382 0 0 11404 7679 11785 6059
Match Result: 0 2 0 0 521 479 0 0 14182 12571 8286 7860
Match Result: 0 2 0 1 739 261 0 0 15091 4138 13460 5386
Match Result: 0 2 0 2 531 469 0 0 12273 10712 9283 7166
Match Result: 0 2 1 0 382 618 0 0 5024 12853 9612 12664
Match Result: 0 2 1 1 587 413 0 0 7441 5592 9713 6081
Match Result: 0 2 1 2 609 391 0 0 8317 6998 13599 5760
Match Result: 0 2 2 0 513 487 0 0 10297 11801 9660 8206
Match Result: 0 2 2 1 605 395 0 0 10292 5930 9645 7414
Match Result: 0 2 2 2 608 392 0 0 11400 7921 11389 6151
Match Result: 1 0 0 0 495 505 0 0 13247 13683 7603 7907
Match Result: 1 0 0 1 721 279 0 0 14557 3998 14018 6221
Match Result: 1 0 0 2 533 467 0 0 12372 10561 9162 7042
Match Result: 1 0 1 0 368 632 0 0 5078 13155 9508 11512
Match Result: 1 0 1 1 590 410 0 0 7558 5550 10260 5599
Match Result: 1 0 1 2 628 372 0 0 8598 6640 14188 4454
Match Result: 1 0 2 0 505 495 0 0 10551 11987 9352 8372
Match Result: 1 0 2 1 577 423 0 0 9730 6166 9539 7965
Match Result: 1 0 2 2 567 433 0 0 10567 8677 11248 6891
Match Result: 1 2 0 0 486 514 0 0 12733 13078 7309 8119
Match Result: 1 2 0 1 696 304 0 0 14049 4660 12346 6478
Match Result: 1 2 0 2 519 481 0 0 11898 10729 8884 7368
Match Result: 1 2 1 0 399 601 0 0 5397 12345 9778 11140
Match Result: 1 2 1 1 590 410 0 0 7514 5528 10060 5895
Match Result: 1 2 1 2 652 348 0 0 8800 6126 14602 4319
Match Result: 1 2 2 0 502 498 0 0 10065 12014 9401 7779
Match Result: 1 2 2 1 556 444 0 0 9360 6584 8708 8308
Match Result: 1 2 2 2 600 400 0 0 11081 8020 11496 6277
Match Result: 2 0 0 0 545 455 0 0 13762 12780 9165 6745
Match Result: 2 0 0 1 728 272 0 0 14596 4030 14491 5772
Match Result: 2 0 0 2 609 391 0 0 14447 8763 10919 6047
Match Result: 2 0 1 0 367 633 0 0 5189 13279 9166 11986
Match Result: 2 0 1 1 606 394 0 0 7822 5314 10227 5226
Match Result: 2 0 1 2 592 408 0 0 8136 7387 13467 5323
Match Result: 2 0 2 0 516 484 0 0 10617 11953 9861 8211
Match Result: 2 0 2 1 616 384 0 0 10360 5530 10451 7527
Match Result: 2 0 2 2 585 415 0 0 11050 8412 11461 6429
Match Result: 2 1 0 0 515 485 0 0 12817 13169 8391 7326
Match Result: 2 1 0 1 743 257 0 0 14663 3794 13170 5322
Match Result: 2 1 0 2 559 441 0 0 12945 9774 9341 6535
Match Result: 2 1 1 0 418 582 0 0 5690 12149 10454 10742
Match Result: 2 1 1 1 596 404 0 0 7522 5266 10039 5768
Match Result: 2 1 1 2 633 367 0 0 8663 6509 14118 4944
Match Result: 2 1 2 0 540 460 0 0 10784 11069 10139 7150
Match Result: 2 1 2 1 578 422 0 0 9677 6008 9055 8337
Match Result: 2 1 2 2 607 393 0 0 11190 7885 11434 6119
