RoundRobin_DeckPlaying

Agents
ParametricShadePure-1
ParametricShadePure-2
ParametricShadePure-3

Decks
Mage
Warrior
Shaman

Match Results
Match Result: 0 1 0 0 454 546 0 0 12152 14970 7088 8611
Match Result: 0 1 0 1 757 243 0 0 15039 3518 13848 5191
Match Result: 0 1 0 2 577 423 0 0 13459 10181 10402 6187
Match Result: 0 1 1 0 362 638 0 0 5044 13607 9368 12065
Match Result: 0 1 1 1 587 413 0 0 7531 5578 10027 5471
Match Result: 0 1 1 2 608 392 0 0 8178 7081 14028 5171
Match Result: 0 1 2 0 556 444 0 0 12162 11118 9893 7687
Match Result: 0 1 2 1 592 408 0 0 9992 5862 9232 7586
Match Result: 0 1 2 2 623 377 0 0 11736 7762 12213 5856
Match Result: 0 2 0 0 526 474 0 0 13859 13004 8685 7361
Match Result: 0 2 0 1 788 212 0 0 16255 3192 15041 4507
Match Result: 0 2 0 2 559 441 0 0 13148 10600 9964 6361
Match Result: 0 2 1 0 374 626 0 0 5160 13465 9482 11887
Match Result: 0 2 1 1 568 432 0 0 7380 6002 9501 6130
Match Result: 0 2 1 2 572 428 0 0 7954 7740 13201 5752
Match Result: 0 2 2 0 578 422 0 0 12426 10904 11375 7054
Match Result: 0 2 2 1 656 344 0 0 11547 5080 11528 6762
Match Result: 0 2 2 2 655 345 0 0 12609 7454 13587 5281
Match Result: 1 0 0 0 520 480 0 0 13940 12811 8199 7569
Match Result: 1 0 0 1 775 225 0 0 15883 3562 14276 4756
Match Result: 1 0 0 2 538 462 0 0 12917 11204 9754 6841
Match Result: 1 0 1 0 402 598 0 0 5279 12531 10132 11272
Match Result: 1 0 1 1 631 369 0 0 8123 4986 10298 5513
Match Result: 1 0 1 2 628 372 0 0 8582 6603 13356 5121
Match Result: 1 0 2 0 507 493 0 0 10993 11911 9143 8105
Match Result: 1 0 2 1 609 391 0 0 10499 5694 9414 7844
Match Result: 1 0 2 2 590 410 0 0 11293 8378 10894 6730
Match Result: 1 2 0 0 556 444 0 0 15274 12468 9074 7452
Match Result: 1 2 0 1 807 193 0 0 16881 2840 15757 4457
Match Result: 1 2 0 2 552 448 0 0 13172 10967 9690 6788
Match Result: 1 2 1 0 366 634 0 0 4944 13616 9526 12000
Match Result: 1 2 1 1 616 384 0 0 8130 5556 10363 5948
Match Result: 1 2 1 2 605 395 0 0 8409 7361 13837 5276
Match Result: 1 2 2 0 568 432 0 0 12724 11166 10762 7794
Match Result: 1 2 2 1 668 332 0 0 12039 5018 11433 6789
Match Result: 1 2 2 2 657 343 0 0 12798 7268 13622 5858
Match Result: 2 0 0 0 509 491 0 0 13807 13516 8047 7816
Match Result: 2 0 0 1 746 254 0 0 15609 3868 14117 5700
Match Result: 2 0 0 2 503 497 0 0 12336 12110 9118 7850
Match Result: 2 0 1 0 336 664 0 0 4446 14093 8538 13165
Match Result: 2 0 1 1 594 406 0 0 7976 5626 9889 5960
Match Result: 2 0 1 2 528 472 0 0 7292 8876 12032 6862
Match Result: 2 0 2 0 505 495 0 0 10750 12030 9438 8214
Match Result: 2 0 2 1 595 405 0 0 10447 5978 9943 8242
Match Result: 2 0 2 2 541 459 0 0 10308 9433 10124 7971
Match Result: 2 1 0 0 491 509 0 0 13687 14019 7631 8123
Match Result: 2 1 0 1 714 286 0 0 14898 4410 13530 6121
Match Result: 2 1 0 2 504 496 0 0 12205 12295 9258 7541
Match Result: 2 1 1 0 309 691 0 0 4200 14907 8106 14259
Match Result: 2 1 1 1 569 431 0 0 7689 6060 10081 5948
Match Result: 2 1 1 2 555 445 0 0 7741 8446 12970 6268
Match Result: 2 1 2 0 526 474 0 0 11199 11642 9723 7945
Match Result: 2 1 2 1 571 429 0 0 10145 6418 9195 8229
Match Result: 2 1 2 2 556 444 0 0 10619 9484 11445 7643
