RoundRobin_DeckPlaying

Agents
ParametricBase-1
ParametricBase-2
ParametricBase-3

Decks
Mage
Warrior
Shaman

Match Results
Match Result: 0 1 0 0 483 517 0 0 13566 13758 7484 8611
Match Result: 0 1 0 1 825 175 0 0 17402 2660 16338 3945
Match Result: 0 1 0 2 547 453 0 0 13461 11810 10723 6863
Match Result: 0 1 1 0 319 681 0 0 4308 14861 8238 13715
Match Result: 0 1 1 1 635 365 0 0 8927 5780 11342 5825
Match Result: 0 1 1 2 487 513 0 0 6951 10266 11682 8831
Match Result: 0 1 2 0 508 492 0 0 10748 12394 9928 9016
Match Result: 0 1 2 1 698 302 0 0 12806 4666 12829 6014
Match Result: 0 1 2 2 649 351 0 0 13158 7970 13584 6241
Match Result: 0 2 0 0 654 346 0 0 16556 9392 10529 5237
Match Result: 0 2 0 1 781 219 0 0 16518 3440 15201 4830
Match Result: 0 2 0 2 655 345 0 0 15346 8000 12789 5667
Match Result: 0 2 1 0 339 661 0 0 4678 14751 8746 13367
Match Result: 0 2 1 1 629 371 0 0 8791 5586 11413 6083
Match Result: 0 2 1 2 532 468 0 0 7690 9439 12769 7826
Match Result: 0 2 2 0 645 355 0 0 14104 8878 12174 6240
Match Result: 0 2 2 1 676 324 0 0 12139 4884 11944 6771
Match Result: 0 2 2 2 733 267 0 0 14600 5934 15625 4675
Match Result: 1 0 0 0 546 454 0 0 14153 13538 9347 6558
Match Result: 1 0 0 1 802 198 0 0 17091 3016 16312 4342
Match Result: 1 0 0 2 558 442 0 0 13685 10863 10485 6627
Match Result: 1 0 1 0 338 662 0 0 4600 14445 8967 13261
Match Result: 1 0 1 1 543 457 0 0 7635 6860 10449 6938
Match Result: 1 0 1 2 516 484 0 0 7262 9315 12368 7391
Match Result: 1 0 2 0 481 519 0 0 10629 13388 9377 9784
Match Result: 1 0 2 1 677 323 0 0 13259 4846 13065 7073
Match Result: 1 0 2 2 556 444 0 0 11626 10142 11530 7928
Match Result: 1 2 0 0 707 293 0 0 17172 8040 11569 4178
Match Result: 1 2 0 1 766 234 0 0 15951 3568 15396 5084
Match Result: 1 2 0 2 733 267 0 0 16951 6014 13352 4074
Match Result: 1 2 1 0 373 627 0 0 5275 13742 9541 12507
Match Result: 1 2 1 1 567 433 0 0 7755 6158 9897 6457
Match Result: 1 2 1 2 572 428 0 0 8084 8224 13275 6325
Match Result: 1 2 2 0 595 405 0 0 13237 10176 10842 7253
Match Result: 1 2 2 1 634 366 0 0 11596 5494 10726 7259
Match Result: 1 2 2 2 687 313 0 0 13568 6722 14315 5311
Match Result: 2 0 0 0 333 667 0 0 8546 16679 4951 10993
Match Result: 2 0 0 1 764 236 0 0 16626 3739 15380 5362
Match Result: 2 0 0 2 415 585 0 0 10074 13991 7522 9042
Match Result: 2 0 1 0 358 642 0 0 4872 13854 9379 12841
Match Result: 2 0 1 1 598 402 0 0 8150 6040 11622 6062
Match Result: 2 0 1 2 518 482 0 0 7376 9363 11969 6981
Match Result: 2 0 2 0 406 594 0 0 8366 14313 8108 10934
Match Result: 2 0 2 1 652 348 0 0 12487 5394 13053 7142
Match Result: 2 0 2 2 467 533 0 0 9493 11727 9781 9500
Match Result: 2 1 0 0 307 693 0 0 7846 16767 4619 11398
Match Result: 2 1 0 1 752 248 0 0 16118 3930 13787 5617
Match Result: 2 1 0 2 454 546 0 0 11003 12688 8523 8892
Match Result: 2 1 1 0 344 656 0 0 4690 13964 8864 12698
Match Result: 2 1 1 1 570 430 0 0 7630 6376 10159 6465
Match Result: 2 1 1 2 541 459 0 0 7821 8806 12560 6712
Match Result: 2 1 2 0 353 647 0 0 6761 15286 7067 11229
Match Result: 2 1 2 1 633 367 0 0 11393 5580 11600 7378
Match Result: 2 1 2 2 525 475 0 0 10295 10537 11080 8108
