RoundRobin_DeckPlaying

Agents
ParametricGreedyBaseline
MyAgentSebastianMiller2Naive

Decks
Mage
Warrior
Shaman

Match Results
Match Result: 0 1 0 0 374 626 0 0 10920 16914 5820 10462
Match Result: 0 1 0 1 671 329 0 0 14551 4824 13598 7801
Match Result: 0 1 0 2 441 559 0 0 10488 12583 8278 9509
Match Result: 0 1 1 0 223 777 0 0 3108 16587 6033 17479
Match Result: 0 1 1 1 340 660 0 0 4966 9974 6520 10390
Match Result: 0 1 1 2 398 602 0 0 5705 11252 9650 9961
Match Result: 0 1 2 0 329 671 0 0 7820 17395 6509 14361
Match Result: 0 1 2 1 479 521 0 0 9747 7708 9227 11120
Match Result: 0 1 2 2 409 591 0 0 8715 12746 8613 10693
Match Result: 1 0 0 0 685 315 0 0 17945 9239 11795 4646
Match Result: 1 0 0 1 871 129 0 0 17835 1908 19298 3231
Match Result: 1 0 0 2 702 298 0 0 17372 7966 15599 4797
Match Result: 1 0 1 0 485 515 0 0 6384 11399 12844 10289
Match Result: 1 0 1 1 801 199 0 0 11105 3104 14998 3490
Match Result: 1 0 1 2 701 299 0 0 9663 6408 17025 4633
Match Result: 1 0 2 0 658 342 0 0 13493 8442 13183 5994
Match Result: 1 0 2 1 743 257 0 0 13098 3896 13646 5796
Match Result: 1 0 2 2 769 231 0 0 14999 5310 16551 4005
